0.0000 207.3582 604.3903 
0.1000 262.4674 600.1343 
0.2000 276.9216 598.3227 
0.3000 289.3602 596.4993 
0.4000 315.2582 591.8412 
0.5000 338.5610 586.5329 
0.6000 359.3351 580.7764 
0.7000 384.7767 572.1990 
0.8000 410.3757 561.5587 
0.9000 437.8508 547.3843 
1.0000 447.6915 541.4769 
1.1000 447.1965 541.7857 
1.2000 448.4362 541.0098 
1.3000 447.9348 541.3245 
1.4000 451.1142 539.3057 
1.5000 452.5632 538.3676 
1.6000 454.0933 537.3643 
1.7000 456.2716 535.9135 
1.8000 458.0187 534.7302 
1.9000 462.0199 531.9526 
2.0000 466.2595 528.9031 
2.1000 468.4901 527.2529 
2.2000 474.0456 522.9993 
2.3000 477.6339 520.1381 
2.4000 484.4971 514.3999 
2.5000 488.7926 510.6197 
2.6000 491.0883 508.5362 
2.7000 496.0040 503.9187 
2.8000 499.9988 500.0012 
2.9000 504.2813 495.6262 
3.0000 505.9640 493.8551 
3.1000 509.4831 490.0510 
3.2000 506.1765 493.6292 
3.3000 499.4051 500.5932 
3.4000 491.4810 508.1752 
3.5000 500.0000 500.0000 
3.6000 500.0000 500.0000 
3.7000 500.0000 500.0000 
3.8000 500.0000 500.0000 
3.9000 500.0000 500.0000 
4.0000 500.0000 500.0000 
4.1000 500.0000 500.0000 
4.2000 500.0000 500.0000 
4.3000 500.0000 500.0000 
4.4000 500.0000 500.0000 
4.5000 500.0000 500.0000 
4.6000 500.0000 500.0000 
4.7000 500.0000 500.0000 
4.8000 500.0000 500.0000 
4.9000 500.0000 500.0000 
5.0000 500.0000 500.0000 
5.1000 500.0000 500.0000 
5.2000 500.0000 500.0000 
5.3000 500.0000 500.0000 
5.4000 500.0000 500.0000 
5.5000 500.0000 500.0000 
5.6000 500.0000 500.0000 
5.7000 500.0000 500.0000 
5.8000 500.0000 500.0000 
5.9000 500.0000 500.0000 
6.0000 500.0000 500.0000 
6.1000 500.0000 500.0000 
6.2000 500.0000 500.0000 
6.3000 500.0000 500.0000 
6.4000 500.0000 500.0000 
6.5000 500.0000 500.0000 
6.6000 500.0000 500.0000 
6.7000 500.0000 500.0000 
6.8000 500.0000 500.0000 
6.9000 500.0000 500.0000 
7.0000 500.0000 500.0000 
7.1000 500.0000 500.0000 
7.2000 500.0000 500.0000 
7.3000 500.0000 500.0000 
7.4000 500.0000 500.0000 
7.5000 500.0000 500.0000 
7.6000 500.0000 500.0000 
7.7000 500.0000 500.0000 
7.8000 500.0000 500.0000 
7.9000 500.0000 500.0000 
8.0000 500.0000 500.0000 
8.1000 500.0000 500.0000 
8.2000 500.0000 500.0000 
8.3000 500.0000 500.0000 
8.4000 500.0000 500.0000 
8.5000 500.0000 500.0000 
8.6000 500.0000 500.0000 
8.7000 500.0000 500.0000 
8.8000 500.0000 500.0000 
8.9000 500.0000 500.0000 
9.0000 500.0000 500.0000 
9.1000 500.0000 500.0000 
9.2000 500.0000 500.0000 
9.3000 500.0000 500.0000 
9.4000 500.0000 500.0000 
9.5000 500.0000 500.0000 
9.6000 500.0000 500.0000 
9.7000 500.0000 500.0000 
9.8000 500.0000 500.0000 
9.9000 500.0000 500.0000 
10.0000 500.0000 500.0000 
10.1000 500.0000 500.0000 
10.2000 500.0000 500.0000 
10.3000 500.0000 500.0000 
10.4000 500.0000 500.0000 
10.5000 500.0000 500.0000 
10.6000 500.0000 500.0000 
10.7000 500.0000 500.0000 
10.8000 552.8395 -253.8843 
10.9000 572.4226 -149.7884 
11.0000 572.4226 -149.7884 
11.1000 500.0000 500.0000 
11.2000 500.0000 500.0000 
11.3000 500.0000 500.0000 
11.4000 592.3447 -18.7602 
11.5000 603.5535 103.5546 
11.6000 603.5535 103.5546 
11.7000 603.5535 103.5546 
11.8000 603.5535 103.5546 
11.9000 500.0000 500.0000 
12.0000 500.0000 500.0000 
12.1000 500.0000 500.0000 
12.2000 500.0000 500.0000 
12.3000 500.0000 500.0000 
12.4000 500.0000 500.0000 
12.5000 500.0000 500.0000 
12.6000 500.0000 500.0000 
12.7000 500.0000 500.0000 
12.8000 500.0000 500.0000 
12.9000 500.0000 500.0000 
13.0000 500.0000 500.0000 
13.1000 500.0000 500.0000 
13.2000 500.0000 500.0000 
13.3000 500.0000 500.0000 
13.4000 500.0000 500.0000 
13.5000 500.0000 500.0000 
13.6000 500.0000 500.0000 
13.7000 500.0000 500.0000 
13.8000 500.0000 500.0000 
13.9000 500.0000 500.0000 
14.0000 500.0000 500.0000 
14.1000 500.0000 500.0000 
14.2000 500.0000 500.0000 
14.3000 500.0000 500.0000 
14.4000 500.0000 500.0000 
14.5000 500.0000 500.0000 
14.6000 500.0000 500.0000 
14.7000 500.0000 500.0000 
14.8000 500.0000 500.0000 
14.9000 500.0000 500.0000 
15.0000 500.0000 500.0000 
15.1000 500.0000 500.0000 
15.2000 500.0000 500.0000 
15.3000 500.0000 500.0000 
15.4000 500.0000 500.0000 
15.5000 500.0000 500.0000 
15.6000 500.0000 500.0000 
15.7000 500.0000 500.0000 
15.8000 500.0000 500.0000 
15.9000 500.0000 500.0000 
16.0000 500.0000 500.0000 
16.1000 500.0000 500.0000 
16.2000 500.0000 500.0000 
16.3000 500.0000 500.0000 
16.4000 500.0000 500.0000 
16.5000 500.0000 500.0000 
16.6000 500.0000 500.0000 
16.7000 500.0000 500.0000 
16.8000 500.0000 500.0000 
16.9000 500.0000 500.0000 
17.0000 500.0000 500.0000 
17.1000 500.0000 500.0000 
17.2000 500.0000 500.0000 
17.3000 500.0000 500.0000 
17.4000 500.0000 500.0000 
17.5000 500.0000 500.0000 
17.6000 500.0000 500.0000 
17.7000 500.0000 500.0000 
17.8000 500.0000 500.0000 
17.9000 500.0000 500.0000 
18.0000 500.0000 500.0000 
18.1000 500.0000 500.0000 
18.2000 500.0000 500.0000 
18.3000 500.0000 500.0000 
18.4000 500.0000 500.0000 
18.5000 500.0000 500.0000 
18.6000 500.0000 500.0000 
18.7000 500.0000 500.0000 
18.8000 500.0000 500.0000 
18.9000 500.0000 500.0000 
19.0000 500.0000 500.0000 
19.1000 500.0000 500.0000 
19.2000 500.0000 500.0000 
19.3000 500.0000 500.0000 
19.4000 500.0000 500.0000 
19.5000 500.0000 500.0000 
19.6000 500.0000 500.0000 
19.7000 500.0000 500.0000 
19.8000 500.0000 500.0000 
19.9000 500.0000 500.0000 
20.0000 500.0000 500.0000 
20.1000 500.0000 500.0000 
20.2000 500.0000 500.0000 
20.3000 500.0000 500.0000 
20.4000 500.0000 500.0000 
20.5000 500.0000 500.0000 
20.6000 500.0000 500.0000 
20.7000 500.0000 500.0000 
20.8000 500.0000 500.0000 
20.9000 500.0000 500.0000 
21.0000 500.0000 500.0000 
21.1000 500.0000 500.0000 
21.2000 500.0000 500.0000 
21.3000 500.0000 500.0000 
21.4000 500.0000 500.0000 
21.5000 500.0000 500.0000 
21.6000 500.0000 500.0000 
21.7000 500.0000 500.0000 
21.8000 500.0000 500.0000 
21.9000 500.0000 500.0000 
22.0000 500.0000 500.0000 
22.1000 500.0000 500.0000 
22.2000 572.4226 -149.7884 
22.3000 572.4226 -149.7884 
22.4000 500.0000 500.0000 
22.5000 500.0000 500.0000 
22.6000 500.0000 500.0000 
22.7000 500.0000 500.0000 
22.8000 500.0000 500.0000 
22.9000 500.0000 500.0000 
23.0000 500.0000 500.0000 
23.1000 500.0000 500.0000 
23.2000 585.7219 -67.3682 
23.3000 595.1260 4.4704 
23.4000 603.5535 103.5546 
23.5000 500.0000 500.0000 
23.6000 500.0000 500.0000 
23.7000 500.0000 500.0000 
23.8000 500.0000 500.0000 
23.9000 500.0000 500.0000 
24.0000 500.0000 500.0000 
24.1000 500.0000 500.0000 
24.2000 500.0000 500.0000 
24.3000 500.0000 500.0000 
24.4000 526.6820 -378.8755 
24.5000 526.6820 -378.8755 
24.6000 600.5313 59.1424 
24.7000 603.2642 98.2391 
24.8000 590.6133 -32.2316 
24.9000 569.5401 -166.0627 
25.0000 500.0000 500.0000 
25.1000 500.0000 500.0000 
25.2000 500.0000 500.0000 
25.3000 500.0000 500.0000 
25.4000 593.1905 -11.9254 
25.5000 596.3653 15.6358 
25.6000 598.6689 38.2596 
25.7000 603.0430 94.4092 
25.8000 500.0000 500.0000 
25.9000 500.0000 500.0000 
26.0000 500.0000 500.0000 
26.1000 500.0000 500.0000 
26.2000 500.0000 500.0000 
26.3000 500.0000 500.0000 
26.4000 500.0000 500.0000 
26.5000 500.0000 500.0000 
26.6000 500.0000 500.0000 
26.7000 500.0000 500.0000 
26.8000 500.0000 500.0000 
26.9000 500.0000 500.0000 
27.0000 500.0000 500.0000 
27.1000 500.0000 500.0000 
27.2000 585.9618 -65.7271 
27.3000 500.0000 500.0000 
27.4000 500.0000 500.0000 
27.5000 500.0000 500.0000 
27.6000 604.0767 114.3691 
27.7000 603.8691 109.8546 
27.8000 603.3372 99.5445 
27.9000 602.8896 91.8533 
28.0000 603.0560 94.6277 
28.1000 605.2306 158.4496 
28.2000 500.0000 500.0000 
28.3000 500.0000 500.0000 
28.4000 500.0000 500.0000 
28.5000 500.0000 500.0000 
28.6000 500.0000 500.0000 
28.7000 500.0000 500.0000 
28.8000 500.0000 500.0000 
28.9000 500.0000 500.0000 
29.0000 500.0000 500.0000 
29.1000 500.0000 500.0000 
29.2000 500.0000 500.0000 
29.3000 500.0000 500.0000 
29.4000 500.0000 500.0000 
29.5000 500.0000 500.0000 
29.6000 500.0000 500.0000 
29.7000 500.0000 500.0000 
29.8000 500.0000 500.0000 
29.9000 500.0000 500.0000 
30.0000 500.0000 500.0000 
30.1000 500.0000 500.0000 
30.2000 500.0000 500.0000 
30.3000 500.0000 500.0000 
30.4000 500.0000 500.0000 
30.5000 500.0000 500.0000 
30.6000 500.0000 500.0000 
30.7000 500.0000 500.0000 
30.8000 500.0000 500.0000 
30.9000 500.0000 500.0000 
31.0000 500.0000 500.0000 
31.1000 500.0000 500.0000 
31.2000 500.0000 500.0000 
31.3000 500.0000 500.0000 
31.4000 500.0000 500.0000 
31.5000 500.0000 500.0000 
31.6000 500.0000 500.0000 
31.7000 500.0000 500.0000 
31.8000 500.0000 500.0000 
31.9000 500.0000 500.0000 
32.0000 500.0000 500.0000 
32.1000 500.0000 500.0000 
32.2000 500.0000 500.0000 
32.3000 500.0000 500.0000 
32.4000 500.0000 500.0000 
32.5000 500.0000 500.0000 
32.6000 500.0000 500.0000 
32.7000 500.0000 500.0000 
32.8000 500.0000 500.0000 
32.9000 500.0000 500.0000 
33.0000 500.0000 500.0000 
33.1000 500.0000 500.0000 
33.2000 500.0000 500.0000 
33.3000 500.0000 500.0000 
33.4000 500.0000 500.0000 
33.5000 500.0000 500.0000 
33.6000 500.0000 500.0000 
33.7000 500.0000 500.0000 
33.8000 500.0000 500.0000 
33.9000 500.0000 500.0000 
34.0000 500.0000 500.0000 
34.1000 500.0000 500.0000 
34.2000 500.0000 500.0000 
34.3000 500.0000 500.0000 
34.4000 500.0000 500.0000 
34.5000 500.0000 500.0000 
34.6000 500.0000 500.0000 
34.7000 500.0000 500.0000 
34.8000 500.0000 500.0000 
34.9000 500.0000 500.0000 
35.0000 500.0000 500.0000 
35.1000 500.0000 500.0000 
35.2000 500.0000 500.0000 
35.3000 500.0000 500.0000 
35.4000 500.0000 500.0000 
35.5000 500.0000 500.0000 
35.6000 500.0000 500.0000 
35.7000 500.0000 500.0000 
35.8000 500.0000 500.0000 
35.9000 500.0000 500.0000 
36.0000 500.0000 500.0000 
36.1000 500.0000 500.0000 
36.2000 500.0000 500.0000 
36.3000 500.0000 500.0000 
36.4000 500.0000 500.0000 
36.5000 500.0000 500.0000 
36.6000 500.0000 500.0000 
36.7000 500.0000 500.0000 
36.8000 500.0000 500.0000 
36.9000 500.0000 500.0000 
37.0000 500.0000 500.0000 
37.1000 500.0000 500.0000 
37.2000 500.0000 500.0000 
37.3000 500.0000 500.0000 
37.4000 500.0000 500.0000 
37.5000 500.0000 500.0000 
37.6000 500.0000 500.0000 
37.7000 500.0000 500.0000 
37.8000 500.0000 500.0000 
37.9000 500.0000 500.0000 
38.0000 500.0000 500.0000 
38.1000 500.0000 500.0000 
38.2000 500.0000 500.0000 
38.3000 500.0000 500.0000 
38.4000 500.0000 500.0000 
38.5000 500.0000 500.0000 
38.6000 500.0000 500.0000 
38.7000 500.0000 500.0000 
38.8000 500.0000 500.0000 
38.9000 500.0000 500.0000 
39.0000 500.0000 500.0000 
39.1000 500.0000 500.0000 
39.2000 500.0000 500.0000 
39.3000 500.0000 500.0000 
39.4000 500.0000 500.0000 
39.5000 500.0000 500.0000 
39.6000 500.0000 500.0000 
39.7000 500.0000 500.0000 
39.8000 500.0000 500.0000 
39.9000 500.0000 500.0000 
40.0000 500.0000 500.0000 
40.1000 500.0000 500.0000 
40.2000 500.0000 500.0000 
40.3000 500.0000 500.0000 
40.4000 500.0000 500.0000 
40.5000 500.0000 500.0000 
40.6000 500.0000 500.0000 
40.7000 500.0000 500.0000 
40.8000 500.0000 500.0000 
40.9000 500.0000 500.0000 
41.0000 500.0000 500.0000 
41.1000 500.0000 500.0000 
41.2000 500.0000 500.0000 
41.3000 500.0000 500.0000 
41.4000 500.0000 500.0000 
41.5000 500.0000 500.0000 
41.6000 500.0000 500.0000 
41.7000 500.0000 500.0000 
41.8000 500.0000 500.0000 
41.9000 500.0000 500.0000 
42.0000 500.0000 500.0000 
42.1000 500.0000 500.0000 
42.2000 125.0000 125.0000 
42.3000 125.0000 125.0000 
42.4000 125.0000 125.0000 
42.5000 125.0000 125.0000 
42.6000 125.0000 125.0000 
42.7000 125.0000 125.0000 
42.8000 125.0000 125.0000 
42.9000 125.0000 125.0000 
43.0000 125.0000 125.0000 
43.1000 125.0000 125.0000 
43.2000 125.0000 125.0000 
43.3000 125.0000 125.0000 
43.4000 125.0000 125.0000 
43.5000 125.0000 125.0000 
43.6000 125.0000 125.0000 
43.7000 125.0000 125.0000 
43.8000 125.0000 125.0000 
43.9000 125.0000 125.0000 
44.0000 125.0000 125.0000 
44.1000 125.0000 125.0000 
44.2000 125.0000 125.0000 
44.3000 125.0000 125.0000 
44.4000 125.0000 125.0000 
44.5000 125.0000 125.0000 
44.6000 125.0000 125.0000 
44.7000 125.0000 125.0000 
44.8000 125.0000 125.0000 
44.9000 125.0000 125.0000 
45.0000 125.0000 125.0000 
45.1000 125.0000 125.0000 
45.2000 125.0000 125.0000 
45.3000 125.0000 125.0000 
45.4000 125.0000 125.0000 
45.5000 125.0000 125.0000 
45.6000 125.0000 125.0000 
45.7000 125.0000 125.0000 
45.8000 125.0000 125.0000 
45.9000 125.0000 125.0000 
46.0000 125.0000 125.0000 
46.1000 125.0000 125.0000 
46.2000 125.0000 125.0000 
46.3000 125.0000 125.0000 
46.4000 125.0000 125.0000 
46.5000 125.0000 125.0000 
46.6000 125.0000 125.0000 
46.7000 125.0000 125.0000 
46.8000 125.0000 125.0000 
46.9000 125.0000 125.0000 
47.0000 125.0000 125.0000 
47.1000 125.0000 125.0000 
47.2000 125.0000 125.0000 
47.3000 125.0000 125.0000 
47.4000 500.0000 500.0000 
47.5000 533.4559 -347.4085 
47.6000 500.0000 500.0000 
47.7000 551.0438 -262.8404 
47.8000 560.4555 -214.9793 
47.9000 576.9570 -123.2342 
48.0000 590.4942 -33.1352 
48.1000 593.4929 -9.4361 
48.2000 595.5402 8.1370 
48.3000 598.5159 36.6640 
48.4000 602.6948 88.7136 
48.5000 605.2450 170.8855 
48.6000 500.0000 500.0000 
48.7000 500.0000 500.0000 
48.8000 500.0000 500.0000 
48.9000 500.0000 500.0000 
49.0000 500.0000 500.0000 
49.1000 500.0000 500.0000 
49.2000 500.0000 500.0000 
49.3000 500.0000 500.0000 
49.4000 500.0000 500.0000 
49.5000 500.0000 500.0000 
49.6000 500.0000 500.0000 
49.7000 500.0000 500.0000 
49.8000 500.0000 500.0000 
49.9000 500.0000 500.0000 
50.0000 500.0000 500.0000 
50.1000 500.0000 500.0000 
50.2000 500.0000 500.0000 
50.3000 500.0000 500.0000 
50.4000 500.0000 500.0000 
50.5000 500.0000 500.0000 
50.6000 500.0000 500.0000 
50.7000 500.0000 500.0000 
50.8000 500.0000 500.0000 
50.9000 500.0000 500.0000 
51.0000 500.0000 500.0000 
51.1000 500.0000 500.0000 
51.2000 500.0000 500.0000 
51.3000 500.0000 500.0000 
51.4000 500.0000 500.0000 
51.5000 500.0000 500.0000 
51.6000 500.0000 500.0000 
51.7000 500.0000 500.0000 
51.8000 500.0000 500.0000 
51.9000 500.0000 500.0000 
52.0000 500.0000 500.0000 
52.1000 -149.7940 572.4216 
52.2000 -6.7679 593.8137 
52.3000 103.5494 603.5532 
52.4000 103.5494 603.5532 
52.5000 103.5495 603.5532 
52.6000 103.5497 603.5532 
52.7000 500.0000 500.0000 
52.8000 500.0000 500.0000 
52.9000 500.0000 500.0000 
53.0000 500.0000 500.0000 
53.1000 500.0000 500.0000 
53.2000 500.0000 500.0000 
53.3000 500.0000 500.0000 
53.4000 500.0000 500.0000 
53.5000 500.0000 500.0000 
53.6000 500.0000 500.0000 
53.7000 500.0000 500.0000 
53.8000 500.0000 500.0000 
53.9000 500.0000 500.0000 
54.0000 500.0000 500.0000 
54.1000 500.0000 500.0000 
54.2000 500.0000 500.0000 
54.3000 500.0000 500.0000 
54.4000 500.0000 500.0000 
54.5000 500.0000 500.0000 
54.6000 500.0000 500.0000 
54.7000 500.0000 500.0000 
54.8000 500.0000 500.0000 
54.9000 500.0000 500.0000 
55.0000 500.0000 500.0000 
55.1000 500.0000 500.0000 
55.2000 500.0000 500.0000 
55.3000 500.0000 500.0000 
55.4000 500.0000 500.0000 
55.5000 500.0000 500.0000 
55.6000 585.9799 -65.6033 
55.7000 586.7229 -60.4707 
55.8000 595.7786 10.2764 
55.9000 599.3930 46.0344 
56.0000 597.9905 31.2968 
56.1000 598.6240 37.7902 
56.2000 500.0000 500.0000 
56.3000 500.0000 500.0000 
56.4000 500.0000 500.0000 
56.5000 500.0000 500.0000 
56.6000 500.0000 500.0000 
56.7000 500.0000 500.0000 
56.8000 500.0000 500.0000 
56.9000 500.0000 500.0000 
57.0000 500.0000 500.0000 
57.1000 533.6557 -346.4730 
57.2000 500.0000 500.0000 
57.3000 500.0000 500.0000 
57.4000 500.0000 500.0000 
57.5000 500.0000 500.0000 
57.6000 500.0000 500.0000 
57.7000 509.9248 -455.2522 
57.8000 549.7699 -269.1503 
57.9000 555.2293 -241.8455 
58.0000 570.4959 -160.7131 
58.1000 580.9658 -98.5614 
58.2000 573.7861 -141.9352 
58.3000 589.0227 -44.0807 
58.4000 603.8269 108.9764 
58.5000 605.2541 163.5164 
58.6000 605.2082 155.7436 
58.7000 604.9186 138.7598 
58.8000 603.7235 106.8750 
58.9000 500.0000 500.0000 
59.0000 500.0000 500.0000 
59.1000 500.0000 500.0000 
59.2000 500.0000 500.0000 
59.3000 500.0000 500.0000 
59.4000 500.0000 500.0000 
59.5000 500.0000 500.0000 
59.6000 500.0000 500.0000 
59.7000 500.0000 500.0000 
59.8000 500.0000 500.0000 
59.9000 526.6820 -378.8755 
60.0000 601.9866 244.1954 
60.1000 500.0000 500.0000 
60.2000 500.0000 500.0000 
60.3000 500.0000 500.0000 
60.4000 500.0000 500.0000 
60.5000 500.0000 500.0000 
60.6000 500.0000 500.0000 
60.7000 582.2796 -90.1785 
60.8000 587.5815 -54.4449 
60.9000 576.7351 -124.5647 
61.0000 500.0000 500.0000 
61.1000 500.0000 500.0000 
61.2000 500.0000 500.0000 
61.3000 500.0000 500.0000 
61.4000 500.0000 500.0000 
61.5000 595.7504 10.0220 
61.6000 603.5535 103.5546 
61.7000 603.5535 103.5546 
61.8000 603.5535 103.5546 
61.9000 603.5535 103.5546 
62.0000 500.0000 500.0000 
62.1000 500.0000 500.0000 
62.2000 500.0000 500.0000 
62.3000 500.0000 500.0000 
62.4000 500.0000 500.0000 
62.5000 500.0000 500.0000 
62.6000 500.0000 500.0000 
62.7000 500.0000 500.0000 
62.8000 500.0000 500.0000 
62.9000 500.0000 500.0000 
63.0000 500.0000 500.0000 
63.1000 500.0000 500.0000 
63.2000 500.0000 500.0000 
63.3000 500.0000 500.0000 
63.4000 500.0000 500.0000 
63.5000 500.0000 500.0000 
63.6000 500.0000 500.0000 
63.7000 500.0000 500.0000 
63.8000 500.0000 500.0000 
63.9000 500.0000 500.0000 
64.0000 500.0000 500.0000 
64.1000 500.0000 500.0000 
64.2000 500.0000 500.0000 
64.3000 500.0000 500.0000 
64.4000 -232.5598 557.0528 
64.5000 -126.3844 576.4306 
64.6000 -31.6229 590.6934 
64.7000 500.0000 500.0000 
64.8000 -11.3770 593.2574 
64.9000 7.1451 595.4288 
65.0000 29.6523 597.8263 
65.1000 93.2372 602.9733 
65.2000 152.7563 605.1759 
65.3000 500.0000 500.0000 
65.4000 500.0000 500.0000 
65.5000 500.0000 500.0000 
65.6000 500.0000 500.0000 
65.7000 500.0000 500.0000 
65.8000 500.0000 500.0000 
65.9000 500.0000 500.0000 
66.0000 500.0000 500.0000 
66.1000 500.0000 500.0000 
66.2000 500.0000 500.0000 
66.3000 500.0000 500.0000 
66.4000 500.0000 500.0000 
66.5000 500.0000 500.0000 
66.6000 500.0000 500.0000 
66.7000 500.0000 500.0000 
66.8000 500.0000 500.0000 
66.9000 500.0000 500.0000 
67.0000 500.0000 500.0000 
67.1000 500.0000 500.0000 
67.2000 500.0000 500.0000 
67.3000 500.0000 500.0000 
67.4000 500.0000 500.0000 
67.5000 500.0000 500.0000 
67.6000 500.0000 500.0000 
67.7000 500.0000 500.0000 
67.8000 500.0000 500.0000 
67.9000 500.0000 500.0000 
68.0000 500.0000 500.0000 
68.1000 500.0000 500.0000 
68.2000 125.0000 125.0000 
68.3000 125.0000 125.0000 
68.4000 125.0000 125.0000 
68.5000 125.0000 125.0000 
68.6000 125.0000 125.0000 
68.7000 125.0000 125.0000 
68.8000 125.0000 125.0000 
68.9000 125.0000 125.0000 
69.0000 125.0000 125.0000 
69.1000 125.0000 125.0000 
69.2000 125.0000 125.0000 
69.3000 125.0000 125.0000 
69.4000 125.0000 125.0000 
69.5000 125.0000 125.0000 
69.6000 125.0000 125.0000 
69.7000 125.0000 125.0000 
69.8000 125.0000 125.0000 
69.9000 125.0000 125.0000 
70.0000 125.0000 125.0000 
70.1000 125.0000 125.0000 
70.2000 125.0000 125.0000 
70.3000 125.0000 125.0000 
70.4000 125.0000 125.0000 
70.5000 125.0000 125.0000 
70.6000 125.0000 125.0000 
70.7000 125.0000 125.0000 
70.8000 125.0000 125.0000 
70.9000 125.0000 125.0000 
71.0000 125.0000 125.0000 
71.1000 125.0000 125.0000 
71.2000 125.0000 125.0000 
71.3000 125.0000 125.0000 
71.4000 125.0000 125.0000 
71.5000 125.0000 125.0000 
71.6000 125.0000 125.0000 
71.7000 125.0000 125.0000 
71.8000 125.0000 125.0000 
71.9000 125.0000 125.0000 
72.0000 125.0000 125.0000 
72.1000 125.0000 125.0000 
72.2000 125.0000 125.0000 
72.3000 125.0000 125.0000 
72.4000 125.0000 125.0000 
72.5000 125.0000 125.0000 
72.6000 125.0000 125.0000 
72.7000 125.0000 125.0000 
72.8000 125.0000 125.0000 
72.9000 125.0000 125.0000 
73.0000 125.0000 125.0000 
73.1000 125.0000 125.0000 
73.2000 125.0000 125.0000 
73.3000 125.0000 125.0000 
73.4000 125.0000 125.0000 
73.5000 125.0000 125.0000 
73.6000 125.0000 125.0000 
73.7000 500.0000 500.0000 
73.8000 500.0000 500.0000 
73.9000 500.0000 500.0000 
74.0000 500.0000 500.0000 
74.1000 500.0000 500.0000 
74.2000 500.0000 500.0000 
74.3000 500.0000 500.0000 
74.4000 500.0000 500.0000 
74.5000 500.0000 500.0000 
74.6000 500.0000 500.0000 
74.7000 500.0000 500.0000 
74.8000 500.0000 500.0000 
74.9000 500.0000 500.0000 
75.0000 500.0000 500.0000 
75.1000 500.0000 500.0000 
75.2000 500.0000 500.0000 
75.3000 500.0000 500.0000 
75.4000 500.0000 500.0000 
75.5000 500.0000 500.0000 
75.6000 500.0000 500.0000 
75.7000 500.0000 500.0000 
75.8000 500.0000 500.0000 
75.9000 500.0000 500.0000 
76.0000 500.0000 500.0000 
76.1000 500.0000 500.0000 
76.2000 500.0000 500.0000 
76.3000 500.0000 500.0000 
76.4000 500.0000 500.0000 
76.5000 500.0000 500.0000 
76.6000 500.0000 500.0000 
76.7000 500.0000 500.0000 
76.8000 500.0000 500.0000 
76.9000 500.0000 500.0000 
77.0000 500.0000 500.0000 
77.1000 500.0000 500.0000 
77.2000 500.0000 500.0000 
77.3000 500.0000 500.0000 
77.4000 500.0000 500.0000 
77.5000 500.0000 500.0000 
77.6000 500.0000 500.0000 
77.7000 500.0000 500.0000 
77.8000 500.0000 500.0000 
77.9000 500.0000 500.0000 
78.0000 500.0000 500.0000 
78.1000 500.0000 500.0000 
78.2000 500.0000 500.0000 
78.3000 500.0000 500.0000 
78.4000 500.0000 500.0000 
78.5000 500.0000 500.0000 
78.6000 500.0000 500.0000 
78.7000 500.0000 500.0000 
78.8000 500.0000 500.0000 
78.9000 500.0000 500.0000 
79.0000 500.0000 500.0000 
79.1000 -344.5187 534.0728 
79.2000 500.0000 500.0000 
79.3000 -262.8462 551.0426 
79.4000 -209.6756 561.4686 
79.5000 -123.3241 576.9421 
79.6000 -40.3828 589.5257 
79.7000 -11.8884 593.1950 
79.8000 8.1317 595.5396 
79.9000 35.0909 598.3636 
80.0000 94.6226 603.0556 
80.1000 165.7723 605.2568 
80.2000 500.0000 500.0000 
80.3000 500.0000 500.0000 
80.4000 500.0000 500.0000 
80.5000 500.0000 500.0000 
80.6000 500.0000 500.0000 
80.7000 500.0000 500.0000 
80.8000 500.0000 500.0000 
80.9000 500.0000 500.0000 
81.0000 500.0000 500.0000 
81.1000 500.0000 500.0000 
81.2000 500.0000 500.0000 
81.3000 500.0000 500.0000 
81.4000 500.0000 500.0000 
81.5000 500.0000 500.0000 
81.6000 500.0000 500.0000 
81.7000 500.0000 500.0000 
81.8000 500.0000 500.0000 
81.9000 500.0000 500.0000 
82.0000 500.0000 500.0000 
82.1000 500.0000 500.0000 
82.2000 500.0000 500.0000 
82.3000 500.0000 500.0000 
82.4000 500.0000 500.0000 
82.5000 500.0000 500.0000 
82.6000 500.0000 500.0000 
82.7000 500.0000 500.0000 
82.8000 500.0000 500.0000 
82.9000 500.0000 500.0000 
83.0000 500.0000 500.0000 
83.1000 500.0000 500.0000 
83.2000 500.0000 500.0000 
83.3000 500.0000 500.0000 
83.4000 500.0000 500.0000 
83.5000 500.0000 500.0000 
83.6000 500.0000 500.0000 
83.7000 500.0000 500.0000 
83.8000 500.0000 500.0000 
83.9000 500.0000 500.0000 
84.0000 500.0000 500.0000 
84.1000 500.0000 500.0000 
84.2000 500.0000 500.0000 
84.3000 500.0000 500.0000 
84.4000 500.0000 500.0000 
84.5000 500.0000 500.0000 
84.6000 500.0000 500.0000 
84.7000 500.0000 500.0000 
84.8000 500.0000 500.0000 
84.9000 500.0000 500.0000 
85.0000 500.0000 500.0000 
85.1000 500.0000 500.0000 
85.2000 500.0000 500.0000 
85.3000 500.0000 500.0000 
85.4000 500.0000 500.0000 
85.5000 500.0000 500.0000 
85.6000 500.0000 500.0000 
85.7000 500.0000 500.0000 
85.8000 500.0000 500.0000 
85.9000 500.0000 500.0000 
86.0000 500.0000 500.0000 
86.1000 500.0000 500.0000 
86.2000 500.0000 500.0000 
86.3000 500.0000 500.0000 
86.4000 500.0000 500.0000 
86.5000 500.0000 500.0000 
86.6000 500.0000 500.0000 
86.7000 500.0000 500.0000 
86.8000 500.0000 500.0000 
86.9000 500.0000 500.0000 
87.0000 500.0000 500.0000 
87.1000 500.0000 500.0000 
87.2000 500.0000 500.0000 
87.3000 500.0000 500.0000 
87.4000 500.0000 500.0000 
87.5000 500.0000 500.0000 
87.6000 500.0000 500.0000 
87.7000 500.0000 500.0000 
87.8000 500.0000 500.0000 
87.9000 500.0000 500.0000 
88.0000 500.0000 500.0000 
88.1000 500.0000 500.0000 
88.2000 500.0000 500.0000 
88.3000 500.0000 500.0000 
88.4000 500.0000 500.0000 
88.5000 500.0000 500.0000 
88.6000 500.0000 500.0000 
88.7000 500.0000 500.0000 
88.8000 500.0000 500.0000 
88.9000 500.0000 500.0000 
89.0000 500.0000 500.0000 
89.1000 500.0000 500.0000 
89.2000 500.0000 500.0000 
89.3000 500.0000 500.0000 
89.4000 500.0000 500.0000 
89.5000 500.0000 500.0000 
89.6000 500.0000 500.0000 
89.7000 500.0000 500.0000 
89.8000 500.0000 500.0000 
89.9000 500.0000 500.0000 
90.0000 500.0000 500.0000 
90.1000 500.0000 500.0000 
90.2000 500.0000 500.0000 
90.3000 500.0000 500.0000 
90.4000 500.0000 500.0000 
90.5000 500.0000 500.0000 
90.6000 500.0000 500.0000 
90.7000 500.0000 500.0000 
90.8000 500.0000 500.0000 
90.9000 500.0000 500.0000 
91.0000 500.0000 500.0000 
91.1000 500.0000 500.0000 
91.2000 500.0000 500.0000 
91.3000 500.0000 500.0000 
91.4000 500.0000 500.0000 
91.5000 500.0000 500.0000 
91.6000 500.0000 500.0000 
91.7000 500.0000 500.0000 
91.8000 500.0000 500.0000 
91.9000 500.0000 500.0000 
92.0000 500.0000 500.0000 
92.1000 -378.8814 526.6807 
92.2000 500.0000 500.0000 
92.3000 -378.8814 526.6807 
92.4000 -240.5112 555.4924 
92.5000 -149.7940 572.4216 
92.6000 -149.7940 572.4216 
92.7000 500.0000 500.0000 
92.8000 500.0000 500.0000 
92.9000 -2.7680 594.2881 
93.0000 103.5497 603.5532 
93.1000 103.5497 603.5532 
93.2000 90.0776 602.7803 
93.3000 103.5497 603.5532 
93.4000 500.0000 500.0000 
93.5000 500.0000 500.0000 
93.6000 500.0000 500.0000 
93.7000 500.0000 500.0000 
93.8000 500.0000 500.0000 
93.9000 500.0000 500.0000 
94.0000 500.0000 500.0000 
94.1000 500.0000 500.0000 
94.2000 500.0000 500.0000 
94.3000 500.0000 500.0000 
94.4000 500.0000 500.0000 
94.5000 500.0000 500.0000 
94.6000 500.0000 500.0000 
94.7000 500.0000 500.0000 
94.8000 500.0000 500.0000 
94.9000 500.0000 500.0000 
95.0000 526.6820 -378.8755 
95.1000 526.6820 -378.8755 
95.2000 500.0000 500.0000 
95.3000 500.0000 500.0000 
95.4000 568.4070 -172.3482 
95.5000 544.0915 -296.8799 
95.6000 551.9256 -258.4514 
95.7000 500.0000 500.0000 
95.8000 500.0000 500.0000 
95.9000 500.0000 500.0000 
96.0000 603.5534 103.5538 
96.1000 603.5535 103.5546 
96.2000 603.5535 103.5546 
96.3000 573.4794 -143.7109 
96.4000 500.0000 500.0000 
96.5000 500.0000 500.0000 
96.6000 500.0000 500.0000 
96.7000 500.0000 500.0000 
96.8000 500.0000 500.0000 
96.9000 -149.7940 572.4216 
97.0000 500.0000 500.0000 
97.1000 500.0000 500.0000 
97.2000 500.0000 500.0000 
97.3000 500.0000 500.0000 
97.4000 500.0000 500.0000 
97.5000 500.0000 500.0000 
97.6000 500.0000 500.0000 
97.7000 500.0000 500.0000 
97.8000 500.0000 500.0000 
97.9000 500.0000 500.0000 
98.0000 500.0000 500.0000 
98.1000 -67.3736 585.7211 
98.2000 -51.9290 587.9355 
98.3000 103.5478 603.5531 
98.4000 500.0000 500.0000 
98.5000 500.0000 500.0000 
98.6000 500.0000 500.0000 
98.7000 500.0000 500.0000 
98.8000 500.0000 500.0000 
98.9000 500.0000 500.0000 
99.0000 500.0000 500.0000 
99.1000 500.0000 500.0000 
99.2000 500.0000 500.0000 
99.3000 -378.8814 526.6807 
99.4000 505.1624 -476.7426 
99.5000 -378.8814 526.6807 
99.6000 503.6288 -483.6542 
99.7000 -378.8814 526.6807 
99.8000 501.2760 -494.2531 
99.9000 500.0000 500.0000 
100.0000 -440.5430 513.1764 
100.1000 -489.4623 502.3396 
100.2000 -169.2038 568.9752 
100.3000 2.6618 594.9191 
100.4000 -69.3091 585.4368 
100.5000 -262.3444 551.1436 
100.6000 500.0000 500.0000 
100.7000 -133.5560 575.2204 
100.8000 -35.4543 590.1868 
100.9000 -11.9629 593.1859 
101.0000 46.4214 599.4281 
101.1000 500.0000 500.0000 
101.2000 500.0000 500.0000 
101.3000 500.0000 500.0000 
101.4000 500.0000 500.0000 
101.5000 534.5154 -342.4429 
101.6000 500.0000 500.0000 
101.7000 514.2167 -435.8286 
101.8000 -224.5192 558.6174 
101.9000 508.1357 -463.3313 
102.0000 -227.8349 557.9739 
102.1000 505.1533 -476.7835 
102.2000 -230.9955 557.3583 
102.3000 -374.5987 527.6082 
102.4000 546.8852 -283.3142 
102.5000 -409.9778 519.9011 
102.6000 550.2841 -266.6076 
102.7000 513.7939 -437.7452 
102.8000 -285.2361 546.4912 
102.9000 -462.4457 508.3319 
103.0000 551.2906 -261.6136 
103.1000 520.0622 -409.2428 
103.2000 -327.9134 537.5987 
103.3000 506.9195 -468.8193 
103.4000 -327.9134 537.5987 
103.5000 505.8258 -473.7515 
103.6000 -313.7865 540.5709 
103.7000 -491.2493 501.9428 
103.8000 550.5752 -265.1653 
103.9000 515.9281 -428.0630 
104.0000 -357.6297 531.2665 
104.1000 512.2648 -444.6705 
104.2000 -372.3563 528.0933 
104.3000 514.6929 -433.6692 
104.4000 -372.3563 528.0933 
104.5000 514.6929 -433.6692 
104.6000 -372.3563 528.0933 
104.7000 511.1060 -449.9131 
104.8000 -372.3563 528.0933 
104.9000 513.5136 -439.0156 
105.0000 -371.9771 528.1752 
105.1000 510.0015 -454.9057 
105.2000 -371.9771 528.1752 
105.3000 510.0015 -454.9057 
105.4000 -371.9771 528.1752 
105.5000 508.9480 -459.6644 
105.6000 564.6575 -192.7506 
105.7000 589.4890 -40.6543 
105.8000 588.8588 -45.2761 
105.9000 566.3566 -183.5774 
106.0000 540.3382 -314.8973 
106.1000 -208.2862 561.7329 
106.2000 534.3319 -343.3037 
106.3000 -215.4849 560.3586 
106.4000 531.2678 -357.6238 
106.5000 -223.0070 558.9101 
106.6000 -151.5189 572.1197 
106.7000 546.8837 -283.3212 
106.8000 -170.0930 568.8148 
106.9000 543.7254 -298.6476 
107.0000 -185.4069 566.0194 
107.1000 540.5722 -313.7805 
107.2000 -195.8675 564.0754 
107.3000 531.2678 -357.6238 
107.4000 -207.2513 561.9295 
107.5000 -149.7940 572.4216 
107.6000 550.5250 -265.4144 
107.7000 -149.7940 572.4216 
107.8000 547.2954 -281.3102 
107.9000 -149.7940 572.4216 
108.0000 544.0550 -297.0566 
108.1000 -160.8810 570.4660 
108.2000 -149.7940 572.4216 
108.3000 -78.6963 584.0372 
108.4000 -34.0234 590.3768 
108.5000 103.5406 603.5527 
108.6000 103.5389 603.5526 
108.7000 103.5393 603.5526 
108.8000 567.3800 -177.9953 
108.9000 103.5122 603.5512 
109.0000 500.0000 500.0000 
109.1000 500.0000 500.0000 
109.2000 603.5531 103.5481 
109.3000 603.5531 103.5481 
109.4000 603.5531 103.5478 
109.5000 603.5531 103.5478 
109.6000 103.5398 603.5527 
109.7000 603.5531 103.5485 
109.8000 103.5471 603.5531 
109.9000 603.5528 103.5418 
110.0000 103.5492 603.5532 
110.1000 103.4773 603.5494 
110.2000 603.5532 103.5503 
110.3000 103.5431 603.5529 
110.4000 603.5532 103.5492 
110.5000 500.0000 500.0000 
110.6000 500.0000 500.0000 
110.7000 500.0000 500.0000 
110.8000 500.0000 500.0000 
110.9000 500.0000 500.0000 
111.0000 500.0000 500.0000 
111.1000 500.0000 500.0000 
111.2000 500.0000 500.0000 
111.3000 500.0000 500.0000 
111.4000 500.0000 500.0000 
111.5000 500.0000 500.0000 
111.6000 500.0000 500.0000 
111.7000 500.0000 500.0000 
111.8000 500.0000 500.0000 
111.9000 500.0000 500.0000 
112.0000 500.0000 500.0000 
112.1000 500.0000 500.0000 
112.2000 500.0000 500.0000 
112.3000 500.0000 500.0000 
112.4000 500.0000 500.0000 
112.5000 500.0000 500.0000 
112.6000 500.0000 500.0000 
112.7000 500.0000 500.0000 
112.8000 500.0000 500.0000 
112.9000 500.0000 500.0000 
113.0000 500.0000 500.0000 
113.1000 500.0000 500.0000 
113.2000 500.0000 500.0000 
113.3000 500.0000 500.0000 
113.4000 500.0000 500.0000 
113.5000 500.0000 500.0000 
113.6000 500.0000 500.0000 
113.7000 500.0000 500.0000 
113.8000 500.0000 500.0000 
113.9000 500.0000 500.0000 
114.0000 500.0000 500.0000 
114.1000 500.0000 500.0000 
114.2000 500.0000 500.0000 
114.3000 500.0000 500.0000 
114.4000 500.0000 500.0000 
114.5000 500.0000 500.0000 
114.6000 500.0000 500.0000 
114.7000 500.0000 500.0000 
114.8000 500.0000 500.0000 
114.9000 500.0000 500.0000 
115.0000 500.0000 500.0000 
115.1000 500.0000 500.0000 
115.2000 500.0000 500.0000 
115.3000 500.0000 500.0000 
115.4000 500.0000 500.0000 
115.5000 500.0000 500.0000 
115.6000 500.0000 500.0000 
115.7000 500.0000 500.0000 
115.8000 500.0000 500.0000 
115.9000 500.0000 500.0000 
116.0000 500.0000 500.0000 
116.1000 500.0000 500.0000 
116.2000 500.0000 500.0000 
116.3000 500.0000 500.0000 
116.4000 500.0000 500.0000 
116.5000 500.0000 500.0000 
116.6000 500.0000 500.0000 
116.7000 500.0000 500.0000 
116.8000 526.6820 -378.8755 
116.9000 500.0000 500.0000 
117.0000 500.0000 500.0000 
117.1000 500.0000 500.0000 
117.2000 500.0000 500.0000 
117.3000 500.0000 500.0000 
117.4000 500.0000 500.0000 
117.5000 565.6808 -187.2396 
117.6000 572.4226 -149.7884 
117.7000 572.4226 -149.7884 
117.8000 500.0000 500.0000 
117.9000 500.0000 500.0000 
118.0000 500.0000 500.0000 
118.1000 603.5535 103.5546 
118.2000 603.5535 103.5546 
118.3000 603.5535 103.5546 
118.4000 603.5535 103.5546 
118.5000 500.0000 500.0000 
118.6000 500.0000 500.0000 
118.7000 500.0000 500.0000 
118.8000 500.0000 500.0000 
118.9000 500.0000 500.0000 
119.0000 500.0000 500.0000 
119.1000 500.0000 500.0000 
119.2000 500.0000 500.0000 
119.3000 500.0000 500.0000 
119.4000 500.0000 500.0000 
119.5000 500.0000 500.0000 
119.6000 500.0000 500.0000 
119.7000 500.0000 500.0000 
119.8000 500.0000 500.0000 
119.9000 500.0000 500.0000 
120.0000 500.0000 500.0000 
120.1000 500.0000 500.0000 
120.2000 500.0000 500.0000 
120.3000 500.0000 500.0000 
120.4000 500.0000 500.0000 
120.5000 500.0000 500.0000 
120.6000 500.0000 500.0000 
120.7000 500.0000 500.0000 
120.8000 500.0000 500.0000 
120.9000 500.0000 500.0000 
121.0000 500.0000 500.0000 
121.1000 -247.1468 554.1804 
121.2000 -199.5264 563.3891 
121.3000 -252.6765 553.0805 
121.4000 500.0000 500.0000 
121.5000 -14.5523 592.8681 
121.6000 32.2135 598.0814 
121.7000 -25.6128 591.4745 
121.8000 -58.4154 587.0174 
121.9000 73.7298 601.6711 
122.0000 500.0000 500.0000 
122.1000 500.0000 500.0000 
122.2000 500.0000 500.0000 
122.3000 500.0000 500.0000 
122.4000 500.0000 500.0000 
122.5000 500.0000 500.0000 
122.6000 500.0000 500.0000 
122.7000 500.0000 500.0000 
122.8000 -191.2270 564.9412 
122.9000 500.0000 500.0000 
123.0000 500.0000 500.0000 
123.1000 500.0000 500.0000 
123.2000 500.0000 500.0000 
123.3000 500.0000 500.0000 
123.4000 500.0000 500.0000 
123.5000 500.0000 500.0000 
123.6000 500.0000 500.0000 
123.7000 500.0000 500.0000 
123.8000 500.0000 500.0000 
123.9000 500.0000 500.0000 
124.0000 500.0000 500.0000 
124.1000 103.5478 603.5531 
124.2000 122.1603 604.3978 
124.3000 134.9675 604.8198 
124.4000 -419.6221 517.7848 
124.5000 500.0000 500.0000 
124.6000 500.0000 500.0000 
124.7000 500.0000 500.0000 
124.8000 572.4226 -149.7884 
124.9000 558.2500 -226.4134 
125.0000 500.0000 500.0000 
125.1000 500.0000 500.0000 
125.2000 500.0000 500.0000 
125.3000 500.0000 500.0000 
125.4000 500.0000 500.0000 
125.5000 500.0000 500.0000 
125.6000 500.0000 500.0000 
125.7000 603.5534 103.5534 
125.8000 603.5533 103.5525 
125.9000 603.5532 103.5491 
126.0000 500.0000 500.0000 
126.1000 500.0000 500.0000 
126.2000 500.0000 500.0000 
126.3000 500.0000 500.0000 
126.4000 500.0000 500.0000 
126.5000 500.0000 500.0000 
126.6000 500.0000 500.0000 
126.7000 500.0000 500.0000 
126.8000 500.0000 500.0000 
126.9000 500.0000 500.0000 
127.0000 500.0000 500.0000 
127.1000 500.0000 500.0000 
127.2000 500.0000 500.0000 
127.3000 500.0000 500.0000 
127.4000 500.0000 500.0000 
127.5000 500.0000 500.0000 
127.6000 500.0000 500.0000 
127.7000 500.0000 500.0000 
127.8000 500.0000 500.0000 
127.9000 500.0000 500.0000 
128.0000 500.0000 500.0000 
128.1000 500.0000 500.0000 
128.2000 500.0000 500.0000 
128.3000 500.0000 500.0000 
128.4000 500.0000 500.0000 
128.5000 500.0000 500.0000 
128.6000 500.0000 500.0000 
128.7000 -274.2833 548.7284 
128.8000 -145.3196 573.2008 
128.9000 -46.8117 588.6473 
129.0000 -7.4101 593.7368 
129.1000 500.0000 500.0000 
129.2000 500.0000 500.0000 
129.3000 500.0000 500.0000 
129.4000 103.5497 603.5532 
129.5000 103.5497 603.5532 
129.6000 103.5497 603.5532 
129.7000 103.5497 603.5532 
129.8000 500.0000 500.0000 
129.9000 500.0000 500.0000 
130.0000 500.0000 500.0000 
130.1000 500.0000 500.0000 
130.2000 500.0000 500.0000 
130.3000 500.0000 500.0000 
130.4000 500.0000 500.0000 
130.5000 500.0000 500.0000 
130.6000 500.0000 500.0000 
130.7000 500.0000 500.0000 
130.8000 500.0000 500.0000 
130.9000 500.0000 500.0000 
131.0000 500.0000 500.0000 
131.1000 500.0000 500.0000 
131.2000 500.0000 500.0000 
131.3000 500.0000 500.0000 
131.4000 500.0000 500.0000 
131.5000 500.0000 500.0000 
131.6000 -424.4746 516.7179 
131.7000 500.0000 500.0000 
131.8000 500.0000 500.0000 
131.9000 500.0000 500.0000 
132.0000 500.0000 500.0000 
132.1000 -96.3182 581.3198 
132.2000 -72.6024 584.9497 
132.3000 -149.7940 572.4216 
132.4000 500.0000 500.0000 
132.5000 500.0000 500.0000 
132.6000 500.0000 500.0000 
132.7000 -36.4573 590.0532 
132.8000 17.2872 596.5431 
132.9000 52.9193 600.0041 
133.0000 500.0000 500.0000 
133.1000 500.0000 500.0000 
133.2000 500.0000 500.0000 
133.3000 500.0000 500.0000 
133.4000 500.0000 500.0000 
133.5000 500.0000 500.0000 
133.6000 500.0000 500.0000 
133.7000 500.0000 500.0000 
133.8000 500.0000 500.0000 
133.9000 500.0000 500.0000 
134.0000 500.0000 500.0000 
134.1000 572.4226 -149.7884 
134.2000 567.9123 -175.0746 
134.3000 500.0000 500.0000 
134.4000 500.0000 500.0000 
134.5000 500.0000 500.0000 
134.6000 500.0000 500.0000 
134.7000 500.0000 500.0000 
134.8000 500.0000 500.0000 
134.9000 500.0000 500.0000 
135.0000 603.5534 103.5541 
135.1000 603.5534 103.5531 
135.2000 603.5534 103.5525 
135.3000 603.5530 103.5461 
135.4000 103.5487 603.5531 
135.5000 500.0000 500.0000 
135.6000 500.0000 500.0000 
135.7000 500.0000 500.0000 
135.8000 500.0000 500.0000 
135.9000 500.0000 500.0000 
136.0000 500.0000 500.0000 
136.1000 500.0000 500.0000 
136.2000 500.0000 500.0000 
136.3000 500.0000 500.0000 
136.4000 500.0000 500.0000 
136.5000 500.0000 500.0000 
136.6000 500.0000 500.0000 
136.7000 500.0000 500.0000 
136.8000 500.0000 500.0000 
136.9000 500.0000 500.0000 
137.0000 500.0000 500.0000 
137.1000 500.0000 500.0000 
137.2000 500.0000 500.0000 
137.3000 500.0000 500.0000 
137.4000 500.0000 500.0000 
137.5000 500.0000 500.0000 
137.6000 500.0000 500.0000 
137.7000 500.0000 500.0000 
137.8000 500.0000 500.0000 
137.9000 500.0000 500.0000 
138.0000 500.0000 500.0000 
138.1000 500.0000 500.0000 
138.2000 500.0000 500.0000 
138.3000 500.0000 500.0000 
138.4000 500.0000 500.0000 
138.5000 500.0000 500.0000 
138.6000 500.0000 500.0000 
138.7000 500.0000 500.0000 
138.8000 500.0000 500.0000 
138.9000 500.0000 500.0000 
139.0000 500.0000 500.0000 
139.1000 500.0000 500.0000 
139.2000 500.0000 500.0000 
139.3000 500.0000 500.0000 
139.4000 500.0000 500.0000 
139.5000 500.0000 500.0000 
139.6000 500.0000 500.0000 
139.7000 500.0000 500.0000 
139.8000 500.0000 500.0000 
139.9000 500.0000 500.0000 
140.0000 500.0000 500.0000 
140.1000 500.0000 500.0000 
140.2000 500.0000 500.0000 
140.3000 500.0000 500.0000 
140.4000 500.0000 500.0000 
140.5000 500.0000 500.0000 
140.6000 500.0000 500.0000 
140.7000 500.0000 500.0000 
140.8000 500.0000 500.0000 
140.9000 500.0000 500.0000 
141.0000 500.0000 500.0000 
141.1000 500.0000 500.0000 
141.2000 500.0000 500.0000 
141.3000 500.0000 500.0000 
141.4000 500.0000 500.0000 
141.5000 500.0000 500.0000 
141.6000 500.0000 500.0000 
141.7000 500.0000 500.0000 
141.8000 500.0000 500.0000 
141.9000 500.0000 500.0000 
142.0000 500.0000 500.0000 
142.1000 500.0000 500.0000 
142.2000 500.0000 500.0000 
142.3000 500.0000 500.0000 
142.4000 500.0000 500.0000 
142.5000 500.0000 500.0000 
142.6000 500.0000 500.0000 
142.7000 500.0000 500.0000 
142.8000 500.0000 500.0000 
142.9000 500.0000 500.0000 
143.0000 500.0000 500.0000 
143.1000 500.0000 500.0000 
143.2000 500.0000 500.0000 
143.3000 500.0000 500.0000 
143.4000 500.0000 500.0000 
143.5000 500.0000 500.0000 
143.6000 500.0000 500.0000 
143.7000 -390.0046 524.2642 
143.8000 -402.4674 521.5451 
143.9000 -139.2565 574.2470 
144.0000 -52.2817 587.8860 
144.1000 -174.2039 568.0705 
144.2000 -158.0555 570.9677 
144.3000 -6.4506 593.8517 
144.4000 -30.6017 590.8272 
144.5000 -115.5165 578.2331 
144.6000 500.0000 500.0000 
144.7000 500.0000 500.0000 
144.8000 500.0000 500.0000 
144.9000 -144.7564 573.2984 
145.0000 500.0000 500.0000 
145.1000 500.0000 500.0000 
145.2000 500.0000 500.0000 
145.3000 500.0000 500.0000 
145.4000 -426.0334 516.3749 
145.5000 -197.1935 563.8271 
145.6000 -180.7248 566.8806 
145.7000 -136.1264 574.7827 
145.8000 -65.9155 585.9343 
145.9000 -87.0608 582.7617 
146.0000 -74.7573 584.6287 
146.1000 117.5272 604.2126 
146.2000 200.0770 604.6743 
146.3000 185.8646 605.0622 
146.4000 180.3625 605.1556 
146.5000 168.2528 605.2542 
146.6000 500.0000 500.0000 
146.7000 500.0000 500.0000 
146.8000 500.0000 500.0000 
146.9000 500.0000 500.0000 
147.0000 500.0000 500.0000 
147.1000 500.0000 500.0000 
147.2000 500.0000 500.0000 
147.3000 500.0000 500.0000 
147.4000 500.0000 500.0000 
147.5000 500.0000 500.0000 
147.6000 500.0000 500.0000 
147.7000 500.0000 500.0000 
147.8000 500.0000 500.0000 
147.9000 500.0000 500.0000 
148.0000 500.0000 500.0000 
148.1000 500.0000 500.0000 
148.2000 500.0000 500.0000 
148.3000 500.0000 500.0000 
148.4000 500.0000 500.0000 
148.5000 500.0000 500.0000 
148.6000 500.0000 500.0000 
148.7000 500.0000 500.0000 
148.8000 500.0000 500.0000 
148.9000 500.0000 500.0000 
149.0000 500.0000 500.0000 
149.1000 500.0000 500.0000 
149.2000 500.0000 500.0000 
149.3000 500.0000 500.0000 
149.4000 500.0000 500.0000 
149.5000 500.0000 500.0000 
149.6000 500.0000 500.0000 
149.7000 500.0000 500.0000 
149.8000 500.0000 500.0000 
149.9000 500.0000 500.0000 
150.0000 500.0000 500.0000 
150.1000 500.0000 500.0000 
150.2000 500.0000 500.0000 
150.3000 500.0000 500.0000 
150.4000 500.0000 500.0000 
150.5000 500.0000 500.0000 
150.6000 500.0000 500.0000 
150.7000 500.0000 500.0000 
150.8000 500.0000 500.0000 
150.9000 500.0000 500.0000 
151.0000 500.0000 500.0000 
151.1000 500.0000 500.0000 
151.2000 500.0000 500.0000 
151.3000 500.0000 500.0000 
151.4000 500.0000 500.0000 
151.5000 500.0000 500.0000 
151.6000 500.0000 500.0000 
151.7000 500.0000 500.0000 
151.8000 500.0000 500.0000 
151.9000 500.0000 500.0000 
152.0000 500.0000 500.0000 
152.1000 500.0000 500.0000 
152.2000 500.0000 500.0000 
152.3000 552.7741 -254.2115 
152.4000 583.9088 -79.5464 
152.5000 588.8913 -45.0395 
152.6000 591.7308 -23.6123 
152.7000 594.1088 -4.2876 
152.8000 603.5535 103.5546 
152.9000 603.5535 103.5546 
153.0000 602.7241 89.1789 
153.1000 605.2409 160.1167 
153.2000 500.0000 500.0000 
153.3000 500.0000 500.0000 
153.4000 500.0000 500.0000 
153.5000 500.0000 500.0000 
153.6000 500.0000 500.0000 
153.7000 500.0000 500.0000 
153.8000 500.0000 500.0000 
153.9000 500.0000 500.0000 
154.0000 500.0000 500.0000 
154.1000 500.0000 500.0000 
154.2000 500.0000 500.0000 
154.3000 500.0000 500.0000 
154.4000 500.0000 500.0000 
154.5000 500.0000 500.0000 
154.6000 500.0000 500.0000 
154.7000 -378.8814 526.6807 
154.8000 -378.8814 526.6807 
154.9000 500.0000 500.0000 
155.0000 500.0000 500.0000 
155.1000 500.0000 500.0000 
155.2000 -149.7940 572.4216 
155.3000 -287.3540 546.0563 
155.4000 -272.0844 549.1751 
155.5000 500.0000 500.0000 
155.6000 500.0000 500.0000 
155.7000 103.5492 603.5532 
155.8000 103.5497 603.5532 
155.9000 61.1131 600.6933 
156.0000 -185.4446 566.0125 
156.1000 500.0000 500.0000 
156.2000 500.0000 500.0000 
156.3000 500.0000 500.0000 
156.4000 500.0000 500.0000 
156.5000 500.0000 500.0000 
156.6000 572.4226 -149.7884 
156.7000 500.0000 500.0000 
156.8000 500.0000 500.0000 
156.9000 500.0000 500.0000 
157.0000 500.0000 500.0000 
157.1000 500.0000 500.0000 
157.2000 500.0000 500.0000 
157.3000 500.0000 500.0000 
157.4000 500.0000 500.0000 
157.5000 500.0000 500.0000 
157.6000 500.0000 500.0000 
157.7000 500.0000 500.0000 
157.8000 500.0000 500.0000 
157.9000 603.5535 103.5546 
158.0000 603.5535 103.5546 
158.1000 603.5535 103.5546 
158.2000 603.5534 103.5540 
158.3000 500.0000 500.0000 
158.4000 500.0000 500.0000 
158.5000 500.0000 500.0000 
158.6000 500.0000 500.0000 
158.7000 500.0000 500.0000 
158.8000 500.0000 500.0000 
158.9000 500.0000 500.0000 
159.0000 500.0000 500.0000 
159.1000 500.0000 500.0000 
159.2000 500.0000 500.0000 
159.3000 500.0000 500.0000 
159.4000 500.0000 500.0000 
159.5000 500.0000 500.0000 
159.6000 500.0000 500.0000 
159.7000 500.0000 500.0000 
159.8000 500.0000 500.0000 
159.9000 500.0000 500.0000 
160.0000 500.0000 500.0000 
160.1000 500.0000 500.0000 
160.2000 500.0000 500.0000 
160.3000 500.0000 500.0000 
160.4000 500.0000 500.0000 
160.5000 500.0000 500.0000 
160.6000 500.0000 500.0000 
160.7000 500.0000 500.0000 
160.8000 500.0000 500.0000 
160.9000 500.0000 500.0000 
161.0000 500.0000 500.0000 
161.1000 555.9756 -238.0561 
161.2000 566.0928 -185.0091 
161.3000 572.4226 -149.7884 
161.4000 500.0000 500.0000 
161.5000 500.0000 500.0000 
161.6000 500.0000 500.0000 
161.7000 595.9435 11.7683 
161.8000 598.9849 41.6057 
161.9000 603.5535 103.5546 
162.0000 603.5535 103.5546 
162.1000 603.5535 103.5546 
162.2000 500.0000 500.0000 
162.3000 500.0000 500.0000 
162.4000 500.0000 500.0000 
162.5000 500.0000 500.0000 
162.6000 500.0000 500.0000 
162.7000 500.0000 500.0000 
162.8000 500.0000 500.0000 
162.9000 500.0000 500.0000 
163.0000 500.0000 500.0000 
163.1000 500.0000 500.0000 
163.2000 500.0000 500.0000 
163.3000 500.0000 500.0000 
163.4000 500.0000 500.0000 
163.5000 500.0000 500.0000 
163.6000 500.0000 500.0000 
163.7000 500.0000 500.0000 
163.8000 500.0000 500.0000 
163.9000 500.0000 500.0000 
164.0000 591.3269 -26.7583 
164.1000 594.8587 2.1362 
164.2000 596.1240 13.4139 
164.3000 594.8587 2.1362 
164.4000 603.1565 96.3508 
164.5000 603.4941 102.4317 
164.6000 603.4338 101.3089 
164.7000 603.5535 103.5546 
164.8000 601.2348 67.9352 
164.9000 500.0000 500.0000 
165.0000 500.0000 500.0000 
165.1000 500.0000 500.0000 
165.2000 500.0000 500.0000 
165.3000 500.0000 500.0000 
165.4000 500.0000 500.0000 
165.5000 -378.8814 526.6807 
165.6000 500.0000 500.0000 
165.7000 500.0000 500.0000 
165.8000 500.0000 500.0000 
165.9000 500.0000 500.0000 
166.0000 500.0000 500.0000 
166.1000 -149.7940 572.4216 
166.2000 -149.7940 572.4216 
166.3000 509.7170 -456.1910 
166.4000 -149.7940 572.4216 
166.5000 -445.3258 512.1200 
166.6000 500.0000 500.0000 
166.7000 500.0000 500.0000 
166.8000 500.0000 500.0000 
166.9000 500.0000 500.0000 
167.0000 103.5393 603.5526 
167.1000 103.5474 603.5531 
167.2000 103.5481 603.5531 
167.3000 103.5489 603.5532 
167.4000 500.0000 500.0000 
167.5000 500.0000 500.0000 
167.6000 500.0000 500.0000 
167.7000 500.0000 500.0000 
167.8000 500.0000 500.0000 
167.9000 500.0000 500.0000 
168.0000 500.0000 500.0000 
168.1000 500.0000 500.0000 
168.2000 500.0000 500.0000 
168.3000 500.0000 500.0000 
168.4000 500.0000 500.0000 
168.5000 603.5535 103.5546 
168.6000 603.5535 103.5546 
168.7000 500.0000 500.0000 
168.8000 500.0000 500.0000 
168.9000 500.0000 500.0000 
169.0000 500.0000 500.0000 
169.1000 500.0000 500.0000 
169.2000 500.0000 500.0000 
169.3000 500.0000 500.0000 
169.4000 500.0000 500.0000 
169.5000 500.0000 500.0000 
169.6000 500.0000 500.0000 
169.7000 500.0000 500.0000 
169.8000 500.0000 500.0000 
169.9000 500.0000 500.0000 
170.0000 500.0000 500.0000 
170.1000 500.0000 500.0000 
170.2000 500.0000 500.0000 
170.3000 572.4226 -149.7884 
170.4000 572.4226 -149.7884 
170.5000 500.0000 500.0000 
170.6000 500.0000 500.0000 
170.7000 500.0000 500.0000 
170.8000 604.2122 211.2849 
170.9000 605.1026 183.7066 
171.0000 605.1161 148.5160 
171.1000 603.5534 103.5545 
171.2000 603.5534 103.5545 
171.3000 603.5534 103.5545 
171.4000 500.0000 500.0000 
171.5000 500.0000 500.0000 
171.6000 500.0000 500.0000 
171.7000 500.0000 500.0000 
171.8000 500.0000 500.0000 
171.9000 500.0000 500.0000 
172.0000 500.0000 500.0000 
172.1000 500.0000 500.0000 
172.2000 500.0000 500.0000 
172.3000 500.0000 500.0000 
172.4000 500.0000 500.0000 
172.5000 500.0000 500.0000 
172.6000 500.0000 500.0000 
172.7000 500.0000 500.0000 
172.8000 500.0000 500.0000 
172.9000 500.0000 500.0000 
173.0000 500.0000 500.0000 
173.1000 500.0000 500.0000 
173.2000 500.0000 500.0000 
173.3000 500.0000 500.0000 
173.4000 500.0000 500.0000 
173.5000 500.0000 500.0000 
173.6000 500.0000 500.0000 
173.7000 500.0000 500.0000 
173.8000 500.0000 500.0000 
173.9000 500.0000 500.0000 
174.0000 500.0000 500.0000 
174.1000 500.0000 500.0000 
174.2000 500.0000 500.0000 
174.3000 500.0000 500.0000 
174.4000 500.0000 500.0000 
174.5000 500.0000 500.0000 
174.6000 500.0000 500.0000 
174.7000 500.0000 500.0000 
174.8000 500.0000 500.0000 
174.9000 500.0000 500.0000 
175.0000 500.0000 500.0000 
175.1000 500.0000 500.0000 
175.2000 500.0000 500.0000 
175.3000 500.0000 500.0000 
175.4000 500.0000 500.0000 
175.5000 500.0000 500.0000 
175.6000 500.0000 500.0000 
175.7000 500.0000 500.0000 
175.8000 500.0000 500.0000 
175.9000 500.0000 500.0000 
176.0000 500.0000 500.0000 
176.1000 500.0000 500.0000 
176.2000 500.0000 500.0000 
176.3000 500.0000 500.0000 
176.4000 500.0000 500.0000 
176.5000 500.0000 500.0000 
176.6000 500.0000 500.0000 
176.7000 500.0000 500.0000 
176.8000 500.0000 500.0000 
176.9000 500.0000 500.0000 
177.0000 500.0000 500.0000 
177.1000 500.0000 500.0000 
177.2000 500.0000 500.0000 
177.3000 500.0000 500.0000 
177.4000 500.0000 500.0000 
177.5000 500.0000 500.0000 
177.6000 500.0000 500.0000 
177.7000 500.0000 500.0000 
177.8000 500.0000 500.0000 
177.9000 500.0000 500.0000 
178.0000 500.0000 500.0000 
178.1000 500.0000 500.0000 
178.2000 500.0000 500.0000 
178.3000 500.0000 500.0000 
178.4000 500.0000 500.0000 
178.5000 500.0000 500.0000 
178.6000 500.0000 500.0000 
178.7000 509.9451 -455.1605 
178.8000 500.0000 500.0000 
178.9000 526.6820 -378.8755 
179.0000 554.6145 -244.9561 
179.1000 560.0042 -217.3313 
179.2000 572.4226 -149.7884 
179.3000 500.0000 500.0000 
179.4000 594.1088 -4.2876 
179.5000 596.3480 15.4749 
179.6000 600.2091 55.3062 
179.7000 603.5535 103.5546 
179.8000 500.0000 500.0000 
179.9000 500.0000 500.0000 
180.0000 500.0000 500.0000 
180.1000 500.0000 500.0000 
180.2000 500.0000 500.0000 
180.3000 500.0000 500.0000 
180.4000 500.0000 500.0000 
180.5000 500.0000 500.0000 
180.6000 500.0000 500.0000 
180.7000 500.0000 500.0000 
180.8000 500.0000 500.0000 
180.9000 500.0000 500.0000 
181.0000 500.0000 500.0000 
181.1000 500.0000 500.0000 
181.2000 500.0000 500.0000 
181.3000 500.0000 500.0000 
181.4000 500.0000 500.0000 
181.5000 500.0000 500.0000 
181.6000 500.0000 500.0000 
181.7000 500.0000 500.0000 
181.8000 500.0000 500.0000 
181.9000 500.0000 500.0000 
182.0000 500.0000 500.0000 
182.1000 500.0000 500.0000 
182.2000 500.0000 500.0000 
182.3000 500.0000 500.0000 
182.4000 500.0000 500.0000 
182.5000 500.0000 500.0000 
182.6000 500.0000 500.0000 
182.7000 500.0000 500.0000 
182.8000 500.0000 500.0000 
182.9000 500.0000 500.0000 
183.0000 500.0000 500.0000 
183.1000 500.0000 500.0000 
183.2000 500.0000 500.0000 
183.3000 500.0000 500.0000 
183.4000 500.0000 500.0000 
183.5000 -378.8814 526.6807 
183.6000 -378.8814 526.6807 
183.7000 500.0000 500.0000 
183.8000 500.0000 500.0000 
183.9000 -261.4365 551.3262 
184.0000 -166.1058 569.5324 
184.1000 -149.7940 572.4216 
184.2000 500.0000 500.0000 
184.3000 500.0000 500.0000 
184.4000 500.0000 500.0000 
184.5000 103.5497 603.5532 
184.6000 74.6394 601.7375 
184.7000 26.3635 597.4932 
184.8000 43.2100 599.1341 
184.9000 500.0000 500.0000 
185.0000 500.0000 500.0000 
185.1000 500.0000 500.0000 
185.2000 500.0000 500.0000 
185.3000 500.0000 500.0000 
185.4000 500.0000 500.0000 
185.5000 500.0000 500.0000 
185.6000 500.0000 500.0000 
185.7000 500.0000 500.0000 
185.8000 500.0000 500.0000 
185.9000 533.7298 -346.1259 
186.0000 500.0000 500.0000 
186.1000 500.0000 500.0000 
186.2000 500.0000 500.0000 
186.3000 500.0000 500.0000 
186.4000 500.0000 500.0000 
186.5000 500.0000 500.0000 
186.6000 500.0000 500.0000 
186.7000 500.0000 500.0000 
186.8000 529.6354 -365.2120 
186.9000 562.1921 -205.8669 
187.0000 554.1986 -247.0553 
187.1000 526.4244 -380.0634 
187.2000 571.9431 -152.5259 
187.3000 568.5908 -171.3328 
187.4000 592.1667 -20.1754 
187.5000 604.4128 206.8316 
187.6000 603.7366 107.1370 
187.7000 595.9114 11.4774 
187.8000 572.4836 -149.4394 
187.9000 539.8098 -317.4164 
188.0000 -403.8189 521.2495 
188.1000 539.8098 -317.4164 
188.2000 -417.1856 518.3200 
188.3000 541.9931 -306.9806 
188.4000 -441.1921 513.0331 
188.5000 544.1009 -296.8345 
188.6000 -433.8057 514.6628 
188.7000 546.1333 -286.9794 
188.8000 -425.8391 516.4177 
188.9000 548.0907 -277.4154 
189.0000 -416.3688 518.4993 
189.1000 548.0907 -277.4154 
189.2000 -407.2248 520.5042 
189.3000 551.6713 -259.7189 
189.4000 -397.3191 522.6697 
189.5000 551.6713 -259.7189 
189.6000 -380.8436 526.2552 
189.7000 553.4697 -250.7231 
189.8000 -378.8814 526.6807 
189.9000 520.9865 -405.0211 
190.0000 -380.7941 526.2659 
190.1000 516.9300 -423.5105 
190.2000 -386.3766 525.0535 
190.3000 521.4983 -402.6813 
190.4000 -391.4311 523.9536 
190.5000 512.9075 -441.7608 
190.6000 -401.3037 521.7995 
190.7000 522.1947 -399.4949 
190.8000 -405.3695 520.9103 
190.9000 503.4007 -484.6818 
191.0000 -414.0052 519.0181 
191.1000 540.8367 -312.5172 
191.2000 -409.7669 519.9473 
191.3000 -400.4921 521.9768 
191.4000 500.7160 -496.7753 
191.5000 -494.9976 501.1107 
191.6000 500.7160 -496.7753 
191.7000 -494.9976 501.1107 
191.8000 500.7160 -496.7753 
191.9000 500.3796 -498.2904 
192.0000 -428.5417 515.8227 
192.1000 533.5925 -346.7692 
192.2000 -421.1772 517.4430 
192.3000 -398.5978 522.3906 
192.4000 -460.8194 508.6922 
192.5000 562.1835 -205.9127 
192.6000 501.4470 -493.4828 
192.7000 -369.5444 528.7008 
192.8000 -468.6447 506.9582 
192.9000 545.4159 -290.4663 
193.0000 -498.1378 500.4135 
193.1000 536.5669 -332.7892 
193.2000 506.8547 -469.1116 
193.3000 -381.0843 526.2029 
193.4000 500.2947 -498.6728 
193.5000 -375.2703 527.4629 
193.6000 -470.7925 506.4820 
193.7000 533.0945 -349.0991 
193.8000 -495.8866 500.9133 
193.9000 528.3122 -371.3432 
194.0000 503.2008 -485.5822 
194.1000 -375.2159 527.4747 
194.2000 -477.5972 504.9728 
194.3000 528.3122 -371.3432 
194.4000 501.0404 -495.3141 
194.5000 -372.0700 528.1551 
194.6000 -465.8905 507.5687 
194.7000 521.7966 -401.3166 
194.8000 -475.4054 505.4590 
194.9000 521.7079 -401.7226 
195.0000 -482.7889 503.8208 
195.1000 521.7079 -401.7226 
195.2000 -490.9358 502.0124 
195.3000 -89.6860 582.3560 
195.4000 -329.8424 537.1908 
195.5000 -168.6693 569.0715 
195.6000 -274.4473 548.6950 
195.7000 507.3898 -466.6975 
195.8000 -262.3505 551.1424 
195.9000 500.8164 -496.3229 
196.0000 -262.3505 551.1424 
196.1000 -372.3563 528.0933 
196.2000 539.2421 -320.1180 
196.3000 -401.7285 521.7066 
196.4000 541.4347 -309.6568 
196.5000 504.4912 -479.7679 
196.6000 -288.7771 545.7637 
196.7000 -415.5357 518.6822 
196.8000 538.2230 -324.9563 
196.9000 -430.7231 515.3422 
0.0000 207.3582 604.3903 
0.1000 262.4674 600.1343 
0.2000 276.9216 598.3227 
0.3000 289.3602 596.4993 
0.4000 315.2582 591.8412 
0.5000 338.5610 586.5329 
0.6000 359.3351 580.7764 
0.7000 384.7767 572.1990 
0.8000 410.3757 561.5587 
0.9000 437.8508 547.3843 
1.0000 447.6915 541.4769 
1.1000 447.1965 541.7857 
1.2000 448.4362 541.0098 
1.3000 447.9348 541.3245 
1.4000 451.1142 539.3057 
1.5000 452.5632 538.3676 
1.6000 454.0933 537.3643 
1.7000 456.2716 535.9135 
1.8000 458.0187 534.7302 
1.9000 462.0199 531.9526 
2.0000 466.2595 528.9031 
2.1000 468.4901 527.2529 
2.2000 474.0456 522.9993 
2.3000 477.6339 520.1381 
2.4000 484.4971 514.3999 
2.5000 488.7926 510.6197 
2.6000 491.0883 508.5362 
2.7000 496.0040 503.9187 
2.8000 499.9988 500.0012 
2.9000 504.2813 495.6262 
3.0000 505.9640 493.8551 
3.1000 509.4831 490.0510 
3.2000 506.1765 493.6292 
3.3000 499.4051 500.5932 
3.4000 491.4810 508.1752 
3.5000 488.7483 510.6595 
3.6000 476.1006 521.3720 
3.7000 471.6712 524.8428 
3.8000 468.1533 527.5041 
3.9000 466.0510 529.0557 
4.0000 460.9081 532.7340 
4.1000 451.7402 538.9018 
4.2000 433.6896 549.7410 
4.3000 416.4691 558.6831 
4.4000 399.6276 566.2971 
4.5000 399.6276 566.2971 
4.6000 500.0000 500.0000 
4.7000 500.0000 500.0000 
4.8000 500.0000 500.0000 
4.9000 500.0000 500.0000 
5.0000 500.0000 500.0000 
5.1000 500.0000 500.0000 
5.2000 500.0000 500.0000 
5.3000 500.0000 500.0000 
5.4000 500.0000 500.0000 
5.5000 500.0000 500.0000 
5.6000 500.0000 500.0000 
5.7000 500.0000 500.0000 
5.8000 500.0000 500.0000 
5.9000 500.0000 500.0000 
6.0000 500.0000 500.0000 
6.1000 500.0000 500.0000 
6.2000 500.0000 500.0000 
6.3000 500.0000 500.0000 
6.4000 500.0000 500.0000 
6.5000 500.0000 500.0000 
6.6000 500.0000 500.0000 
6.7000 500.0000 500.0000 
6.8000 500.0000 500.0000 
6.9000 500.0000 500.0000 
7.0000 500.0000 500.0000 
7.1000 500.0000 500.0000 
7.2000 500.0000 500.0000 
7.3000 500.0000 500.0000 
7.4000 500.0000 500.0000 
7.5000 500.0000 500.0000 
7.6000 500.0000 500.0000 
7.7000 500.0000 500.0000 
7.8000 500.0000 500.0000 
7.9000 500.0000 500.0000 
8.0000 500.0000 500.0000 
8.1000 500.0000 500.0000 
8.2000 500.0000 500.0000 
8.3000 500.0000 500.0000 
8.4000 500.0000 500.0000 
8.5000 500.0000 500.0000 
8.6000 500.0000 500.0000 
8.7000 500.0000 500.0000 
8.8000 500.0000 500.0000 
8.9000 500.0000 500.0000 
9.0000 125.0000 125.0000 
9.1000 125.0000 125.0000 
9.2000 125.0000 125.0000 
9.3000 125.0000 125.0000 
9.4000 125.0000 125.0000 
9.5000 125.0000 125.0000 
9.6000 125.0000 125.0000 
9.7000 125.0000 125.0000 
9.8000 125.0000 125.0000 
9.9000 125.0000 125.0000 
10.0000 125.0000 125.0000 
10.1000 125.0000 125.0000 
10.2000 125.0000 125.0000 
10.3000 125.0000 125.0000 
10.4000 125.0000 125.0000 
10.5000 125.0000 125.0000 
10.6000 125.0000 125.0000 
10.7000 125.0000 125.0000 
10.8000 125.0000 125.0000 
10.9000 125.0000 125.0000 
11.0000 125.0000 125.0000 
11.1000 125.0000 125.0000 
11.2000 125.0000 125.0000 
11.3000 125.0000 125.0000 
11.4000 125.0000 125.0000 
11.5000 125.0000 125.0000 
11.6000 125.0000 125.0000 
11.7000 125.0000 125.0000 
11.8000 125.0000 125.0000 
11.9000 125.0000 125.0000 
12.0000 125.0000 125.0000 
12.1000 125.0000 125.0000 
12.2000 125.0000 125.0000 
12.3000 125.0000 125.0000 
12.4000 125.0000 125.0000 
12.5000 125.0000 125.0000 
12.6000 125.0000 125.0000 
12.7000 125.0000 125.0000 
12.8000 125.0000 125.0000 
12.9000 500.0000 500.0000 
13.0000 500.0000 500.0000 
13.1000 500.0000 500.0000 
13.2000 500.0000 500.0000 
13.3000 500.0000 500.0000 
13.4000 500.0000 500.0000 
13.5000 500.0000 500.0000 
13.6000 500.0000 500.0000 
13.7000 500.0000 500.0000 
13.8000 500.0000 500.0000 
13.9000 500.0000 500.0000 
14.0000 500.0000 500.0000 
14.1000 500.0000 500.0000 
14.2000 500.0000 500.0000 
14.3000 500.0000 500.0000 
14.4000 500.0000 500.0000 
14.5000 500.0000 500.0000 
14.6000 500.0000 500.0000 
14.7000 500.0000 500.0000 
14.8000 500.0000 500.0000 
14.9000 500.0000 500.0000 
15.0000 500.0000 500.0000 
15.1000 500.0000 500.0000 
15.2000 500.0000 500.0000 
15.3000 500.0000 500.0000 
15.4000 500.0000 500.0000 
15.5000 500.0000 500.0000 
15.6000 500.0000 500.0000 
15.7000 500.0000 500.0000 
15.8000 500.0000 500.0000 
15.9000 500.0000 500.0000 
16.0000 500.0000 500.0000 
16.1000 500.0000 500.0000 
16.2000 500.0000 500.0000 
16.3000 500.0000 500.0000 
16.4000 500.0000 500.0000 
16.5000 500.0000 500.0000 
16.6000 500.0000 500.0000 
16.7000 500.0000 500.0000 
16.8000 500.0000 500.0000 
16.9000 500.0000 500.0000 
17.0000 -149.7940 572.4216 
17.1000 500.0000 500.0000 
17.2000 500.0000 500.0000 
17.3000 103.5497 603.5532 
17.4000 103.5497 603.5532 
17.5000 103.5497 603.5532 
17.6000 103.5497 603.5532 
17.7000 103.5497 603.5532 
17.8000 500.0000 500.0000 
17.9000 500.0000 500.0000 
18.0000 500.0000 500.0000 
18.1000 500.0000 500.0000 
18.2000 500.0000 500.0000 
18.3000 500.0000 500.0000 
18.4000 500.0000 500.0000 
18.5000 500.0000 500.0000 
18.6000 500.0000 500.0000 
18.7000 500.0000 500.0000 
18.8000 500.0000 500.0000 
18.9000 500.0000 500.0000 
19.0000 500.0000 500.0000 
19.1000 500.0000 500.0000 
19.2000 500.0000 500.0000 
19.3000 500.0000 500.0000 
19.4000 500.0000 500.0000 
19.5000 500.0000 500.0000 
19.6000 -378.8814 526.6807 
19.7000 500.0000 500.0000 
19.8000 500.0000 500.0000 
19.9000 -262.8462 551.0426 
20.0000 -203.5882 562.6234 
20.1000 -149.7940 572.4216 
20.2000 -61.6212 586.5573 
20.3000 1.3075 594.7631 
20.4000 84.6831 602.4345 
20.5000 103.5497 603.5532 
20.6000 103.5497 603.5532 
20.7000 103.5497 603.5532 
20.8000 500.0000 500.0000 
20.9000 500.0000 500.0000 
21.0000 500.0000 500.0000 
21.1000 500.0000 500.0000 
21.2000 500.0000 500.0000 
21.3000 500.0000 500.0000 
21.4000 500.0000 500.0000 
21.5000 500.0000 500.0000 
21.6000 500.0000 500.0000 
21.7000 500.0000 500.0000 
21.8000 500.0000 500.0000 
21.9000 500.0000 500.0000 
22.0000 500.0000 500.0000 
22.1000 500.0000 500.0000 
22.2000 500.0000 500.0000 
22.3000 500.0000 500.0000 
22.4000 500.0000 500.0000 
22.5000 500.0000 500.0000 
22.6000 500.0000 500.0000 
22.7000 500.0000 500.0000 
22.8000 500.0000 500.0000 
22.9000 500.0000 500.0000 
23.0000 500.0000 500.0000 
23.1000 500.0000 500.0000 
23.2000 500.0000 500.0000 
23.3000 500.0000 500.0000 
23.4000 500.0000 500.0000 
23.5000 500.0000 500.0000 
23.6000 500.0000 500.0000 
23.7000 500.0000 500.0000 
23.8000 500.0000 500.0000 
23.9000 500.0000 500.0000 
24.0000 -378.8814 526.6807 
24.1000 -269.5335 549.6923 
24.2000 -196.2250 564.0085 
24.3000 -149.7940 572.4216 
24.4000 -66.7696 585.8096 
24.5000 3.5601 595.0221 
24.6000 98.2425 603.2644 
24.7000 103.5497 603.5532 
24.8000 103.5497 603.5532 
24.9000 103.5497 603.5532 
25.0000 500.0000 500.0000 
25.1000 500.0000 500.0000 
25.2000 500.0000 500.0000 
25.3000 500.0000 500.0000 
25.4000 500.0000 500.0000 
25.5000 500.0000 500.0000 
25.6000 500.0000 500.0000 
25.7000 500.0000 500.0000 
25.8000 500.0000 500.0000 
25.9000 500.0000 500.0000 
26.0000 500.0000 500.0000 
26.1000 500.0000 500.0000 
26.2000 500.0000 500.0000 
26.3000 500.0000 500.0000 
26.4000 500.0000 500.0000 
26.5000 500.0000 500.0000 
26.6000 500.0000 500.0000 
26.7000 500.0000 500.0000 
26.8000 500.0000 500.0000 
26.9000 500.0000 500.0000 
27.0000 500.0000 500.0000 
27.1000 500.0000 500.0000 
27.2000 500.0000 500.0000 
27.3000 500.0000 500.0000 
27.4000 500.0000 500.0000 
27.5000 500.0000 500.0000 
27.6000 500.0000 500.0000 
27.7000 500.0000 500.0000 
27.8000 500.0000 500.0000 
27.9000 500.0000 500.0000 
28.0000 500.0000 500.0000 
28.1000 500.0000 500.0000 
28.2000 500.0000 500.0000 
28.3000 500.0000 500.0000 
28.4000 500.0000 500.0000 
28.5000 500.0000 500.0000 
28.6000 500.0000 500.0000 
28.7000 500.0000 500.0000 
28.8000 500.0000 500.0000 
28.9000 500.0000 500.0000 
29.0000 500.0000 500.0000 
29.1000 500.0000 500.0000 
29.2000 500.0000 500.0000 
29.3000 500.0000 500.0000 
29.4000 125.0000 125.0000 
29.5000 125.0000 125.0000 
29.6000 125.0000 125.0000 
29.7000 125.0000 125.0000 
29.8000 125.0000 125.0000 
29.9000 125.0000 125.0000 
30.0000 125.0000 125.0000 
30.1000 125.0000 125.0000 
30.2000 125.0000 125.0000 
30.3000 125.0000 125.0000 
30.4000 125.0000 125.0000 
30.5000 125.0000 125.0000 
30.6000 125.0000 125.0000 
30.7000 125.0000 125.0000 
30.8000 125.0000 125.0000 
30.9000 125.0000 125.0000 
31.0000 125.0000 125.0000 
31.1000 125.0000 125.0000 
31.2000 125.0000 125.0000 
31.3000 125.0000 125.0000 
31.4000 125.0000 125.0000 
31.5000 125.0000 125.0000 
31.6000 125.0000 125.0000 
31.7000 125.0000 125.0000 
31.8000 125.0000 125.0000 
31.9000 125.0000 125.0000 
32.0000 125.0000 125.0000 
32.1000 125.0000 125.0000 
32.2000 125.0000 125.0000 
32.3000 125.0000 125.0000 
32.4000 125.0000 125.0000 
32.5000 125.0000 125.0000 
32.6000 125.0000 125.0000 
32.7000 125.0000 125.0000 
32.8000 125.0000 125.0000 
32.9000 125.0000 125.0000 
33.0000 125.0000 125.0000 
33.1000 125.0000 125.0000 
33.2000 125.0000 125.0000 
33.3000 125.0000 125.0000 
33.4000 125.0000 125.0000 
33.5000 125.0000 125.0000 
33.6000 125.0000 125.0000 
33.7000 125.0000 125.0000 
33.8000 125.0000 125.0000 
33.9000 125.0000 125.0000 
34.0000 125.0000 125.0000 
34.1000 125.0000 125.0000 
34.2000 125.0000 125.0000 
34.3000 125.0000 125.0000 
34.4000 125.0000 125.0000 
34.5000 125.0000 125.0000 
34.6000 125.0000 125.0000 
34.7000 125.0000 125.0000 
34.8000 125.0000 125.0000 
34.9000 125.0000 125.0000 
35.0000 125.0000 125.0000 
35.1000 125.0000 125.0000 
35.2000 125.0000 125.0000 
35.3000 125.0000 125.0000 
35.4000 125.0000 125.0000 
35.5000 500.0000 500.0000 
35.6000 500.0000 500.0000 
35.7000 500.0000 500.0000 
35.8000 500.0000 500.0000 
35.9000 500.0000 500.0000 
36.0000 500.0000 500.0000 
36.1000 500.0000 500.0000 
36.2000 500.0000 500.0000 
36.3000 500.0000 500.0000 
36.4000 500.0000 500.0000 
36.5000 500.0000 500.0000 
36.6000 500.0000 500.0000 
36.7000 500.0000 500.0000 
36.8000 500.0000 500.0000 
36.9000 500.0000 500.0000 
37.0000 500.0000 500.0000 
37.1000 500.0000 500.0000 
37.2000 500.0000 500.0000 
37.3000 500.0000 500.0000 
37.4000 500.0000 500.0000 
37.5000 500.0000 500.0000 
37.6000 500.0000 500.0000 
37.7000 500.0000 500.0000 
37.8000 500.0000 500.0000 
37.9000 500.0000 500.0000 
38.0000 500.0000 500.0000 
38.1000 500.0000 500.0000 
38.2000 500.0000 500.0000 
38.3000 500.0000 500.0000 
38.4000 500.0000 500.0000 
38.5000 500.0000 500.0000 
38.6000 500.0000 500.0000 
38.7000 500.0000 500.0000 
38.8000 500.0000 500.0000 
38.9000 500.0000 500.0000 
39.0000 500.0000 500.0000 
39.1000 500.0000 500.0000 
39.2000 500.0000 500.0000 
39.3000 500.0000 500.0000 
39.4000 500.0000 500.0000 
39.5000 500.0000 500.0000 
39.6000 500.0000 500.0000 
39.7000 -378.8814 526.6807 
39.8000 500.0000 500.0000 
39.9000 -269.5335 549.6923 
40.0000 -196.2250 564.0085 
40.1000 -149.7940 572.4216 
40.2000 -78.3306 584.0924 
40.3000 12.6660 596.0421 
40.4000 103.5497 603.5532 
40.5000 103.5497 603.5532 
40.6000 103.5497 603.5532 
40.7000 103.5497 603.5532 
40.8000 500.0000 500.0000 
40.9000 500.0000 500.0000 
41.0000 500.0000 500.0000 
41.1000 500.0000 500.0000 
41.2000 500.0000 500.0000 
41.3000 500.0000 500.0000 
41.4000 500.0000 500.0000 
41.5000 500.0000 500.0000 
41.6000 500.0000 500.0000 
41.7000 500.0000 500.0000 
41.8000 500.0000 500.0000 
41.9000 500.0000 500.0000 
42.0000 500.0000 500.0000 
42.1000 500.0000 500.0000 
42.2000 500.0000 500.0000 
42.3000 500.0000 500.0000 
42.4000 500.0000 500.0000 
42.5000 500.0000 500.0000 
42.6000 500.0000 500.0000 
42.7000 500.0000 500.0000 
42.8000 500.0000 500.0000 
42.9000 500.0000 500.0000 
43.0000 500.0000 500.0000 
43.1000 500.0000 500.0000 
43.2000 500.0000 500.0000 
43.3000 500.0000 500.0000 
43.4000 500.0000 500.0000 
43.5000 500.0000 500.0000 
43.6000 500.0000 500.0000 
43.7000 500.0000 500.0000 
43.8000 500.0000 500.0000 
43.9000 500.0000 500.0000 
44.0000 500.0000 500.0000 
44.1000 500.0000 500.0000 
44.2000 500.0000 500.0000 
44.3000 500.0000 500.0000 
44.4000 500.0000 500.0000 
44.5000 500.0000 500.0000 
44.6000 500.0000 500.0000 
44.7000 500.0000 500.0000 
44.8000 500.0000 500.0000 
44.9000 500.0000 500.0000 
45.0000 500.0000 500.0000 
45.1000 500.0000 500.0000 
45.2000 500.0000 500.0000 
45.3000 500.0000 500.0000 
45.4000 500.0000 500.0000 
45.5000 500.0000 500.0000 
45.6000 500.0000 500.0000 
45.7000 500.0000 500.0000 
45.8000 500.0000 500.0000 
45.9000 500.0000 500.0000 
46.0000 500.0000 500.0000 
46.1000 500.0000 500.0000 
46.2000 500.0000 500.0000 
46.3000 500.0000 500.0000 
46.4000 500.0000 500.0000 
46.5000 500.0000 500.0000 
46.6000 500.0000 500.0000 
46.7000 500.0000 500.0000 
46.8000 500.0000 500.0000 
46.9000 500.0000 500.0000 
47.0000 500.0000 500.0000 
47.1000 500.0000 500.0000 
47.2000 500.0000 500.0000 
47.3000 500.0000 500.0000 
47.4000 500.0000 500.0000 
47.5000 500.0000 500.0000 
47.6000 500.0000 500.0000 
47.7000 500.0000 500.0000 
47.8000 500.0000 500.0000 
47.9000 500.0000 500.0000 
48.0000 500.0000 500.0000 
48.1000 500.0000 500.0000 
48.2000 500.0000 500.0000 
48.3000 500.0000 500.0000 
48.4000 500.0000 500.0000 
48.5000 500.0000 500.0000 
48.6000 500.0000 500.0000 
48.7000 500.0000 500.0000 
48.8000 500.0000 500.0000 
48.9000 500.0000 500.0000 
49.0000 500.0000 500.0000 
49.1000 500.0000 500.0000 
49.2000 500.0000 500.0000 
49.3000 500.0000 500.0000 
49.4000 500.0000 500.0000 
49.5000 500.0000 500.0000 
49.6000 500.0000 500.0000 
49.7000 500.0000 500.0000 
49.8000 500.0000 500.0000 
49.9000 500.0000 500.0000 
50.0000 500.0000 500.0000 
50.1000 500.0000 500.0000 
50.2000 500.0000 500.0000 
50.3000 500.0000 500.0000 
50.4000 500.0000 500.0000 
50.5000 500.0000 500.0000 
50.6000 500.0000 500.0000 
50.7000 500.0000 500.0000 
50.8000 500.0000 500.0000 
50.9000 -378.8814 526.6807 
51.0000 500.0000 500.0000 
51.1000 -378.8814 526.6807 
51.2000 500.0000 500.0000 
51.3000 500.0000 500.0000 
51.4000 -211.3786 561.1440 
51.5000 -149.7940 572.4216 
51.6000 -149.7940 572.4216 
51.7000 -149.7940 572.4216 
51.8000 103.5497 603.5532 
51.9000 97.3223 603.2122 
52.0000 103.5497 603.5532 
52.1000 103.5497 603.5532 
52.2000 500.0000 500.0000 
52.3000 500.0000 500.0000 
52.4000 500.0000 500.0000 
52.5000 500.0000 500.0000 
52.6000 500.0000 500.0000 
52.7000 500.0000 500.0000 
52.8000 500.0000 500.0000 
52.9000 500.0000 500.0000 
53.0000 500.0000 500.0000 
53.1000 500.0000 500.0000 
53.2000 526.6820 -378.8755 
53.3000 526.6820 -378.8755 
53.4000 -494.6471 501.1885 
53.5000 526.6820 -378.8755 
53.6000 -494.6471 501.1885 
53.7000 526.6820 -378.8755 
53.8000 -494.6471 501.1885 
53.9000 526.6820 -378.8755 
54.0000 502.2862 -489.7026 
54.1000 541.3798 -309.9198 
54.2000 571.8206 -153.2227 
54.3000 551.1870 -262.1289 
54.4000 500.0000 500.0000 
54.5000 519.0032 -414.0727 
54.6000 597.7328 28.7232 
54.7000 602.4654 85.1526 
54.8000 579.9629 -104.8552 
54.9000 -378.8814 526.6807 
55.0000 585.6148 -68.0989 
55.1000 -378.8814 526.6807 
55.2000 599.6826 49.2576 
55.3000 -481.8925 504.0197 
55.4000 589.0701 -43.7336 
55.5000 538.7199 -322.5989 
55.6000 -378.8814 526.6807 
55.7000 535.3938 -338.3155 
55.8000 -378.8814 526.6807 
55.9000 586.8704 -59.4428 
56.0000 -378.8814 526.6807 
56.1000 583.9346 -79.3754 
56.2000 -378.8814 526.6807 
56.3000 578.3599 -114.7428 
56.4000 -302.7494 542.8740 
56.5000 569.3299 -167.2333 
56.6000 -326.2956 537.9404 
56.7000 561.4346 -209.8539 
56.8000 -256.8380 552.2489 
56.9000 552.9779 -253.1908 
57.0000 -202.3074 562.8653 
57.1000 552.2402 -256.8816 
57.2000 -149.7940 572.4216 
57.3000 526.4258 -380.0570 
57.4000 -290.1303 545.4851 
57.5000 505.1616 -476.7459 
57.6000 -293.2469 544.8425 
57.7000 -399.8579 522.1154 
57.8000 508.9340 -459.7274 
57.9000 -333.0433 536.5130 
58.0000 518.2696 -417.4152 
58.1000 -275.0905 548.5642 
58.2000 523.0517 -395.5684 
58.3000 -186.1921 565.8745 
58.4000 514.2664 -435.6034 
58.5000 -149.7940 572.4216 
58.6000 -399.3407 522.2283 
58.7000 -439.3376 513.4425 
58.8000 103.5497 603.5532 
58.9000 103.5497 603.5532 
59.0000 -54.5615 587.5650 
59.1000 -272.0712 549.1778 
59.2000 572.4226 -149.7884 
59.3000 -307.2015 541.9471 
59.4000 572.4226 -149.7884 
59.5000 572.4226 -149.7884 
59.6000 -108.7678 579.3326 
59.7000 572.4226 -149.7884 
59.8000 -77.1430 584.2712 
59.9000 572.4226 -149.7884 
60.0000 -47.8273 588.5070 
60.1000 572.4226 -149.7884 
60.2000 3.5575 595.0218 
60.3000 572.4226 -149.7884 
60.4000 54.9886 600.1820 
60.5000 567.1088 -179.4790 
60.6000 103.5486 603.5531 
60.7000 -317.6215 539.7667 
60.8000 572.4226 -149.7884 
60.9000 572.4226 -149.7884 
61.0000 103.5430 603.5528 
61.1000 530.8376 -359.6263 
61.2000 603.5530 103.5461 
61.3000 603.5529 103.5450 
61.4000 603.5529 103.5436 
61.5000 603.5525 103.5370 
61.6000 500.0000 500.0000 
61.7000 500.0000 500.0000 
61.8000 500.0000 500.0000 
61.9000 -22.1359 591.9187 
62.0000 -65.8961 585.9372 
62.1000 103.5474 603.5531 
62.2000 103.5196 603.5516 
62.3000 592.0226 -21.3167 
62.4000 103.5366 603.5525 
62.5000 587.4638 -55.2773 
62.6000 103.5436 603.5529 
62.7000 582.8951 -86.1935 
62.8000 103.5466 603.5530 
62.9000 568.8914 -169.6685 
63.0000 33.5845 598.2165 
63.1000 534.5325 -342.3626 
63.2000 -136.2426 574.7629 
63.3000 -296.5030 544.1695 
63.4000 550.1666 -267.1887 
63.5000 -378.8830 526.6803 
63.6000 548.1170 -277.2864 
63.7000 522.4766 -398.2037 
63.8000 -232.0584 557.1508 
63.9000 -328.3452 537.5075 
64.0000 540.5652 -313.8138 
64.1000 -421.8011 517.3059 
64.2000 536.4791 -333.2032 
64.3000 510.6729 -451.8709 
64.4000 -298.7607 543.7020 
64.5000 500.0000 500.0000 
64.6000 -283.8700 546.7713 
64.7000 521.3379 -403.4148 
64.8000 -362.6341 530.1906 
64.9000 521.3379 -403.4148 
65.0000 -383.9338 525.5843 
65.1000 516.8503 -423.8727 
65.2000 -410.6146 519.7616 
65.3000 516.8503 -423.8727 
65.4000 -418.3402 518.0664 
65.5000 515.4782 -430.1060 
65.6000 -425.5649 516.4780 
65.7000 512.5430 -443.4110 
65.8000 -430.4761 515.3966 
65.9000 512.5430 -443.4110 
66.0000 -450.3322 511.0133 
66.1000 511.3217 -448.9374 
66.2000 -450.3322 511.0133 
66.3000 511.3217 -448.9374 
66.4000 -447.9983 511.5293 
66.5000 511.3217 -448.9374 
66.6000 -466.3047 507.4769 
66.7000 510.1685 -454.1507 
66.8000 -463.6140 508.0731 
66.9000 507.3545 -466.8567 
67.0000 -463.6140 508.0731 
67.1000 507.3545 -466.8567 
67.2000 -480.5290 504.3223 
67.3000 507.3545 -466.8567 
67.4000 -473.3374 505.9177 
67.5000 506.3386 -471.4392 
67.6000 -473.3374 505.9177 
67.7000 506.3386 -471.4392 
67.8000 -489.5506 502.3199 
67.9000 506.3386 -471.4392 
68.0000 -482.5455 503.8748 
68.1000 506.3386 -471.4392 
68.2000 -482.5455 503.8748 
68.3000 505.3782 -475.7696 
68.4000 -494.5302 501.2144 
68.5000 505.3782 -475.7696 
68.6000 -487.5199 502.7707 
68.7000 505.3782 -475.7696 
68.8000 -499.5115 500.1085 
68.9000 508.0468 -463.7327 
69.0000 -496.4960 500.7780 
69.1000 507.0694 -468.1432 
69.2000 -489.4843 502.3347 
69.3000 507.0694 -468.1432 
69.4000 -485.5765 503.2021 
69.5000 507.0694 -468.1432 
69.6000 -482.4792 503.8895 
69.7000 506.1422 -472.3249 
69.8000 -478.3753 504.8002 
69.9000 506.1422 -472.3249 
70.0000 -478.3753 504.8002 
70.1000 506.1422 -472.3249 
70.2000 -475.4852 505.4413 
70.3000 506.1422 -472.3249 
70.4000 -475.4852 505.4413 
70.5000 506.1422 -472.3249 
70.6000 -475.4852 505.4413 
70.7000 505.2619 -476.2941 
70.8000 -479.5529 504.5389 
70.9000 505.2619 -476.2941 
71.0000 -476.7839 505.1532 
71.1000 505.2619 -476.2941 
71.2000 -476.7839 505.1532 
71.3000 502.7905 -487.4310 
71.4000 -476.7839 505.1532 
71.5000 502.7905 -487.4310 
71.6000 -480.6089 504.3046 
71.7000 502.7905 -487.4310 
71.8000 -480.6089 504.3046 
71.9000 502.7905 -487.4310 
72.0000 -484.2443 503.4978 
72.1000 502.7905 -487.4310 
72.2000 -484.2443 503.4978 
72.3000 502.7905 -487.4310 
72.4000 -484.2443 503.4978 
72.5000 502.7905 -487.4310 
72.6000 -484.2443 503.4978 
72.7000 502.7905 -487.4310 
72.8000 -487.7035 502.7300 
72.9000 502.0142 -490.9281 
73.0000 -487.7035 502.7300 
73.1000 502.0142 -490.9281 
73.2000 -487.7035 502.7300 
73.3000 502.0142 -490.9281 
73.4000 -487.7035 502.7300 
73.5000 502.0142 -490.9281 
73.6000 -487.7035 502.7300 
73.7000 502.0142 -490.9281 
73.8000 -490.9984 501.9985 
73.9000 502.0142 -490.9281 
74.0000 -490.9984 501.9985 
74.1000 502.0142 -490.9281 
74.2000 -490.9984 501.9985 
74.3000 502.0142 -490.9281 
74.4000 -490.9984 501.9985 
74.5000 502.0142 -490.9281 
74.6000 -490.9984 501.9985 
74.7000 502.0142 -490.9281 
74.8000 -490.9984 501.9985 
74.9000 502.0142 -490.9281 
75.0000 -488.2797 502.6021 
75.1000 -498.1960 500.4005 
75.2000 -339.3187 535.1805 
75.3000 65.0401 601.0086 
75.4000 -30.4477 590.8474 
75.5000 -274.4411 548.6963 
75.6000 -238.4589 555.8964 
75.7000 -76.0551 584.4345 
75.8000 -123.8962 576.8467 
75.9000 62.3386 600.7927 
76.0000 -391.6122 523.9141 
76.1000 526.6820 -378.8755 
76.2000 -458.9775 509.1001 
76.3000 505.1545 -476.7779 
76.4000 -440.0743 513.2799 
76.5000 526.6820 -378.8755 
76.6000 511.1740 -449.6054 
76.7000 53.4986 600.0541 
76.8000 -219.1146 559.6612 
76.9000 532.9519 -349.7661 
77.0000 -192.4275 564.7177 
77.1000 537.8945 -326.5131 
77.2000 -189.9838 565.1722 
77.3000 540.2163 -315.4789 
77.4000 -194.0146 564.4217 
77.5000 542.4400 -304.8359 
77.6000 -235.3347 556.5097 
77.7000 541.8626 -307.6068 
77.8000 515.8528 -428.4048 
77.9000 -198.2289 563.6328 
78.0000 504.2949 -480.6525 
78.1000 -202.0558 562.9127 
78.2000 500.7398 -496.6682 
78.3000 -227.8349 557.9739 
78.4000 -480.4060 504.3496 
78.5000 515.5455 -429.8005 
78.6000 -492.3026 501.7090 
78.7000 521.0630 -404.6717 
78.8000 500.8277 -496.2723 
78.9000 -227.8349 557.9739 
79.0000 -341.1980 534.7805 
79.1000 535.3019 -338.7479 
79.2000 -357.6297 531.2665 
79.3000 538.9760 -321.3829 
79.4000 -391.0346 524.0399 
79.5000 544.3464 -295.6478 
79.6000 -441.5987 512.9433 
79.7000 552.9393 -253.3840 
79.8000 516.6131 -424.9510 
79.9000 -313.7865 540.5709 
80.0000 516.0265 -427.6161 
80.1000 -313.7865 540.5709 
80.2000 -491.2493 501.9428 
80.3000 554.0592 -247.7574 
80.4000 521.1498 -404.2748 
80.5000 -357.6297 531.2665 
80.6000 522.0874 -399.9860 
80.7000 -372.3563 528.0933 
80.8000 522.1675 -399.6194 
80.9000 -387.4632 524.8172 
81.0000 521.6688 -401.9015 
81.1000 -387.4632 524.8172 
81.2000 521.6688 -401.9015 
81.3000 -401.7285 521.7066 
81.4000 525.0338 -386.4673 
81.5000 -417.0693 518.3455 
81.6000 530.0340 -363.3615 
81.7000 -432.6696 514.9133 
81.8000 533.0640 -349.2420 
81.9000 -461.6867 508.5001 
82.0000 533.2596 -348.3271 
82.1000 -493.1308 501.5251 
82.2000 536.7753 -331.8056 
82.3000 507.9425 -464.2037 
82.4000 567.5220 -177.2176 
82.5000 597.8972 30.3607 
82.6000 587.9998 -51.4696 
82.7000 566.3566 -183.5774 
82.8000 540.3382 -314.8973 
82.9000 -222.8258 558.9451 
83.0000 537.2822 -329.4102 
83.1000 -228.5183 557.8409 
83.2000 531.2678 -357.6238 
83.3000 -237.9503 555.9964 
83.4000 525.8797 -382.5737 
83.5000 -197.7161 563.7291 
83.6000 -182.3456 566.5831 
83.7000 540.5722 -313.7805 
83.8000 -192.4982 564.7046 
83.9000 537.4370 -328.6783 
84.0000 -204.3324 562.4827 
84.1000 531.2678 -357.6238 
84.2000 -212.8239 560.8680 
84.3000 -149.7940 572.4216 
84.4000 553.1610 -252.2727 
84.5000 -149.7940 572.4216 
84.6000 546.8837 -283.3212 
84.7000 -156.3998 571.2607 
