0.0000 -1.3000 -1.3000 0.0000
0.1000 -1.2948 -1.2992 0.0965
0.2000 -1.2893 -1.2980 0.1786
0.3000 -1.2838 -1.2964 0.2567
0.4000 -1.2783 -1.2943 0.3313
0.5000 -1.2729 -1.2919 0.3985
0.6000 -1.2674 -1.2891 0.4588
0.7000 -1.2621 -1.2860 0.5126
0.8000 -1.2568 -1.2826 0.5582
0.9000 -1.2515 -1.2790 0.5949
1.0000 -1.2463 -1.2752 0.6215
1.1000 -1.2412 -1.2713 0.6443
1.2000 -1.2361 -1.2673 0.6673
1.3000 -1.2312 -1.2632 0.6898
1.4000 -1.2263 -1.2590 0.7125
1.5000 -1.2215 -1.2547 0.7339
1.6000 -1.2168 -1.2502 0.7548
1.7000 -1.2122 -1.2457 0.7750
1.8000 -1.2077 -1.2411 0.7944
1.9000 -1.2033 -1.2364 0.8130
2.0000 -1.1989 -1.2317 0.8300
2.1000 -1.1946 -1.2269 0.8452
2.2000 -1.1904 -1.2220 0.8595
2.3000 -1.1862 -1.2170 0.8714
2.4000 -1.1821 -1.2120 0.8817
2.5000 -1.1781 -1.2070 0.8890
2.6000 -1.1740 -1.2020 0.8943
2.7000 -1.1700 -1.1970 0.8986
2.8000 -1.1660 -1.1919 0.9005
2.9000 -1.1620 -1.1869 0.9005
3.0000 -1.1580 -1.1818 0.8984
3.1000 -1.1540 -1.1768 0.8954
3.2000 -1.1499 -1.1718 0.8907
3.3000 -1.1459 -1.1668 0.8877
3.4000 -1.1418 -1.1618 0.8879
3.5000 -1.1378 -1.1568 0.8920
3.6000 -1.1337 -1.1518 0.8920
3.7000 -1.1297 -1.1468 0.8920
3.8000 -1.1256 -1.1418 0.8920
3.9000 -1.1216 -1.1368 0.8920
4.0000 -1.1175 -1.1317 0.8920
4.1000 -1.1135 -1.1267 0.8920
4.2000 -1.1095 -1.1217 0.8920
4.3000 -1.1054 -1.1167 0.8920
4.4000 -1.1014 -1.1117 0.8920
4.5000 -1.0973 -1.1067 0.8920
4.6000 -1.0933 -1.1017 0.8920
4.7000 -1.0892 -1.0967 0.8920
4.8000 -1.0852 -1.0916 0.8920
4.9000 -1.0812 -1.0866 0.8920
5.0000 -1.0771 -1.0816 0.8920
5.1000 -1.0731 -1.0766 0.8920
5.2000 -1.0690 -1.0716 0.8920
5.3000 -1.0650 -1.0666 0.8920
5.4000 -1.0609 -1.0616 0.8920
5.5000 -1.0569 -1.0566 0.8920
5.6000 -1.0528 -1.0515 0.8920
5.7000 -1.0488 -1.0465 0.8920
5.8000 -1.0448 -1.0415 0.8920
5.9000 -1.0407 -1.0365 0.8920
6.0000 -1.0367 -1.0315 0.8920
6.1000 -1.0326 -1.0265 0.8920
6.2000 -1.0286 -1.0215 0.8920
6.3000 -1.0245 -1.0165 0.8920
6.4000 -1.0205 -1.0114 0.8920
6.5000 -1.0165 -1.0064 0.8920
6.6000 -1.0124 -1.0014 0.8920
6.7000 -1.0084 -0.9964 0.8920
6.8000 -1.0043 -0.9914 0.8920
6.9000 -1.0003 -0.9864 0.8920
7.0000 -0.9962 -0.9814 0.8920
7.1000 -0.9922 -0.9764 0.8920
7.2000 -0.9881 -0.9713 0.8920
7.3000 -0.9841 -0.9663 0.8920
7.4000 -0.9801 -0.9613 0.8920
7.5000 -0.9760 -0.9563 0.8920
7.6000 -0.9720 -0.9513 0.8920
7.7000 -0.9679 -0.9463 0.8920
7.8000 -0.9639 -0.9413 0.8920
7.9000 -0.9598 -0.9363 0.8920
8.0000 -0.9558 -0.9312 0.8920
8.1000 -0.9518 -0.9262 0.8920
8.2000 -0.9477 -0.9212 0.8920
8.3000 -0.9437 -0.9162 0.8920
8.4000 -0.9396 -0.9112 0.8920
8.5000 -0.9356 -0.9062 0.8920
8.6000 -0.9315 -0.9012 0.8920
8.7000 -0.9275 -0.8962 0.8920
8.8000 -0.9235 -0.8911 0.8920
8.9000 -0.9194 -0.8861 0.8920
9.0000 -0.9154 -0.8811 0.8920
9.1000 -0.9113 -0.8761 0.8920
9.2000 -0.9073 -0.8711 0.8920
9.3000 -0.9032 -0.8661 0.8920
9.4000 -0.8992 -0.8611 0.8920
9.5000 -0.8951 -0.8561 0.8920
9.6000 -0.8911 -0.8510 0.8920
9.7000 -0.8871 -0.8460 0.8920
9.8000 -0.8830 -0.8410 0.8920
9.9000 -0.8790 -0.8360 0.8920
10.0000 -0.8749 -0.8310 0.8920
10.1000 -0.8709 -0.8260 0.8920
10.2000 -0.8668 -0.8210 0.8920
10.3000 -0.8628 -0.8160 0.8920
10.4000 -0.8588 -0.8109 0.8920
10.5000 -0.8547 -0.8059 0.8920
10.6000 -0.8507 -0.8009 0.8920
10.7000 -0.8466 -0.7959 0.8920
10.8000 -0.8426 -0.7909 0.8920
10.9000 -0.8412 -0.7898 0.6959
11.0000 -0.8390 -0.7886 0.5204
11.1000 -0.8365 -0.7879 0.3449
11.2000 -0.8305 -0.7857 0.3449
11.3000 -0.8244 -0.7836 0.3449
11.4000 -0.8184 -0.7814 0.3449
11.5000 -0.8148 -0.7809 0.1964
11.6000 -0.8103 -0.7808 0.0749
11.7000 -0.8057 -0.7813 6.2366
11.8000 -0.8012 -0.7824 6.1150
11.9000 -0.7968 -0.7839 5.9935
12.0000 -0.7906 -0.7858 5.9935
12.1000 -0.7844 -0.7876 5.9935
12.2000 -0.7783 -0.7895 5.9935
12.3000 -0.7721 -0.7913 5.9935
12.4000 -0.7659 -0.7931 5.9935
12.5000 -0.7597 -0.7950 5.9935
12.6000 -0.7536 -0.7968 5.9935
12.7000 -0.7474 -0.7987 5.9935
12.8000 -0.7412 -0.8005 5.9935
12.9000 -0.7351 -0.8023 5.9935
13.0000 -0.7289 -0.8042 5.9935
13.1000 -0.7227 -0.8060 5.9935
13.2000 -0.7165 -0.8079 5.9935
13.3000 -0.7104 -0.8097 5.9935
13.4000 -0.7042 -0.8115 5.9935
13.5000 -0.6980 -0.8134 5.9935
13.6000 -0.6919 -0.8152 5.9935
13.7000 -0.6857 -0.8170 5.9935
13.8000 -0.6795 -0.8189 5.9935
13.9000 -0.6733 -0.8207 5.9935
14.0000 -0.6672 -0.8226 5.9935
14.1000 -0.6610 -0.8244 5.9935
14.2000 -0.6548 -0.8262 5.9935
14.3000 -0.6487 -0.8281 5.9935
14.4000 -0.6425 -0.8299 5.9935
14.5000 -0.6363 -0.8318 5.9935
14.6000 -0.6301 -0.8336 5.9935
14.7000 -0.6240 -0.8354 5.9935
14.8000 -0.6178 -0.8373 5.9935
14.9000 -0.6116 -0.8391 5.9935
15.0000 -0.6054 -0.8410 5.9935
15.1000 -0.5993 -0.8428 5.9935
15.2000 -0.5931 -0.8446 5.9935
15.3000 -0.5869 -0.8465 5.9935
15.4000 -0.5808 -0.8483 5.9935
15.5000 -0.5746 -0.8502 5.9935
15.6000 -0.5684 -0.8520 5.9935
15.7000 -0.5622 -0.8538 5.9935
15.8000 -0.5561 -0.8557 5.9935
15.9000 -0.5499 -0.8575 5.9935
16.0000 -0.5437 -0.8594 5.9935
16.1000 -0.5376 -0.8612 5.9935
16.2000 -0.5314 -0.8630 5.9935
16.3000 -0.5252 -0.8649 5.9935
16.4000 -0.5190 -0.8667 5.9935
16.5000 -0.5129 -0.8686 5.9935
16.6000 -0.5067 -0.8704 5.9935
16.7000 -0.5005 -0.8722 5.9935
16.8000 -0.4944 -0.8741 5.9935
16.9000 -0.4882 -0.8759 5.9935
17.0000 -0.4820 -0.8778 5.9935
17.1000 -0.4758 -0.8796 5.9935
17.2000 -0.4697 -0.8814 5.9935
17.3000 -0.4635 -0.8833 5.9935
17.4000 -0.4573 -0.8851 5.9935
17.5000 -0.4511 -0.8870 5.9935
17.6000 -0.4450 -0.8888 5.9935
17.7000 -0.4388 -0.8906 5.9935
17.8000 -0.4326 -0.8925 5.9935
17.9000 -0.4265 -0.8943 5.9935
18.0000 -0.4203 -0.8961 5.9935
18.1000 -0.4141 -0.8980 5.9935
18.2000 -0.4079 -0.8998 5.9935
18.3000 -0.4018 -0.9017 5.9935
18.4000 -0.3956 -0.9035 5.9935
18.5000 -0.3894 -0.9053 5.9935
18.6000 -0.3833 -0.9072 5.9935
18.7000 -0.3771 -0.9090 5.9935
18.8000 -0.3709 -0.9109 5.9935
18.9000 -0.3647 -0.9127 5.9935
19.0000 -0.3586 -0.9145 5.9935
19.1000 -0.3524 -0.9164 5.9935
19.2000 -0.3462 -0.9182 5.9935
19.3000 -0.3401 -0.9201 5.9935
19.4000 -0.3339 -0.9219 5.9935
19.5000 -0.3277 -0.9237 5.9935
19.6000 -0.3215 -0.9256 5.9935
19.7000 -0.3154 -0.9274 5.9935
19.8000 -0.3092 -0.9293 5.9935
19.9000 -0.3030 -0.9311 5.9935
20.0000 -0.2969 -0.9329 5.9935
20.1000 -0.2907 -0.9348 5.9935
20.2000 -0.2845 -0.9366 5.9935
20.3000 -0.2783 -0.9385 5.9935
20.4000 -0.2722 -0.9403 5.9935
20.5000 -0.2660 -0.9421 5.9935
20.6000 -0.2598 -0.9440 5.9935
20.7000 -0.2536 -0.9458 5.9935
20.8000 -0.2475 -0.9477 5.9935
20.9000 -0.2413 -0.9495 5.9935
21.0000 -0.2351 -0.9513 5.9935
21.1000 -0.2290 -0.9532 5.9935
21.2000 -0.2228 -0.9550 5.9935
21.3000 -0.2166 -0.9569 5.9935
21.4000 -0.2104 -0.9587 5.9935
21.5000 -0.2043 -0.9605 5.9935
21.6000 -0.1981 -0.9624 5.9935
21.7000 -0.1919 -0.9642 5.9935
21.8000 -0.1858 -0.9661 5.9935
21.9000 -0.1796 -0.9679 5.9935
22.0000 -0.1734 -0.9697 5.9935
22.1000 -0.1672 -0.9716 5.9935
22.2000 -0.1611 -0.9734 5.9935
22.3000 -0.1585 -0.9749 5.8180
22.4000 -0.1562 -0.9767 5.6425
22.5000 -0.1511 -0.9805 5.6425
22.6000 -0.1459 -0.9844 5.6425
22.7000 -0.1407 -0.9882 5.6425
22.8000 -0.1356 -0.9921 5.6425
22.9000 -0.1304 -0.9959 5.6425
23.0000 -0.1252 -0.9998 5.6425
23.1000 -0.1201 -1.0036 5.6425
23.2000 -0.1149 -1.0075 5.6425
23.3000 -0.1124 -1.0101 5.4838
23.4000 -0.1099 -1.0134 5.3402
23.5000 -0.1075 -1.0175 5.2187
23.6000 -0.1044 -1.0232 5.2187
23.7000 -0.1012 -1.0288 5.2187
23.8000 -0.0981 -1.0344 5.2187
23.9000 -0.0950 -1.0400 5.2187
24.0000 -0.0919 -1.0457 5.2187
24.1000 -0.0887 -1.0513 5.2187
24.2000 -0.0856 -1.0569 5.2187
24.3000 -0.0825 -1.0626 5.2187
24.4000 -0.0794 -1.0682 5.2187
24.5000 -0.0790 -1.0692 4.9986
24.6000 -0.0788 -1.0701 4.7786
24.7000 -0.0788 -1.0744 4.6470
24.8000 -0.0794 -1.0788 4.5242
24.9000 -0.0803 -1.0821 4.3729
25.0000 -0.0814 -1.0843 4.1941
25.1000 -0.0846 -1.0899 4.1941
25.2000 -0.0878 -1.0955 4.1941
25.3000 -0.0910 -1.1011 4.1941
25.4000 -0.0942 -1.1067 4.1941
25.5000 -0.0963 -1.1095 4.0470
25.6000 -0.0989 -1.1120 3.9059
25.7000 -0.1021 -1.1142 3.7697
25.8000 -0.1059 -1.1162 3.6461
25.9000 -0.1115 -1.1193 3.6461
26.0000 -0.1171 -1.1224 3.6461
26.1000 -0.1228 -1.1255 3.6461
26.2000 -0.1284 -1.1286 3.6461
26.3000 -0.1340 -1.1317 3.6461
26.4000 -0.1397 -1.1348 3.6461
26.5000 -0.1453 -1.1379 3.6461
26.6000 -0.1510 -1.1411 3.6461
26.7000 -0.1566 -1.1442 3.6461
26.8000 -0.1622 -1.1473 3.6461
26.9000 -0.1679 -1.1504 3.6461
27.0000 -0.1735 -1.1535 3.6461
27.1000 -0.1791 -1.1566 3.6461
27.2000 -0.1848 -1.1597 3.6461
27.3000 -0.1878 -1.1606 3.4877
27.4000 -0.1939 -1.1628 3.4877
27.5000 -0.1999 -1.1650 3.4877
27.6000 -0.2060 -1.1672 3.4877
27.7000 -0.2104 -1.1680 3.3687
27.8000 -0.2150 -1.1682 3.2486
27.9000 -0.2195 -1.1678 3.1262
28.0000 -0.2240 -1.1669 3.0020
28.1000 -0.2284 -1.1655 2.8785
28.2000 -0.2330 -1.1635 2.7699
28.3000 -0.2390 -1.1611 2.7699
28.4000 -0.2450 -1.1588 2.7699
28.5000 -0.2510 -1.1565 2.7699
28.6000 -0.2570 -1.1541 2.7699
28.7000 -0.2630 -1.1518 2.7699
28.8000 -0.2690 -1.1494 2.7699
28.9000 -0.2750 -1.1471 2.7699
29.0000 -0.2810 -1.1448 2.7699
29.1000 -0.2870 -1.1424 2.7699
29.2000 -0.2930 -1.1401 2.7699
29.3000 -0.2990 -1.1377 2.7699
29.4000 -0.3050 -1.1354 2.7699
29.5000 -0.3110 -1.1331 2.7699
29.6000 -0.3170 -1.1307 2.7699
29.7000 -0.3230 -1.1284 2.7699
29.8000 -0.3290 -1.1260 2.7699
29.9000 -0.3350 -1.1237 2.7699
30.0000 -0.3410 -1.1214 2.7699
30.1000 -0.3470 -1.1190 2.7699
30.2000 -0.3530 -1.1167 2.7699
30.3000 -0.3590 -1.1143 2.7699
30.4000 -0.3650 -1.1120 2.7699
30.5000 -0.3710 -1.1097 2.7699
30.6000 -0.3770 -1.1073 2.7699
30.7000 -0.3830 -1.1050 2.7699
30.8000 -0.3890 -1.1026 2.7699
30.9000 -0.3950 -1.1003 2.7699
31.0000 -0.4010 -1.0980 2.7699
31.1000 -0.4070 -1.0956 2.7699
31.2000 -0.4130 -1.0933 2.7699
31.3000 -0.4190 -1.0910 2.7699
31.4000 -0.4250 -1.0886 2.7699
31.5000 -0.4310 -1.0863 2.7699
31.6000 -0.4370 -1.0839 2.7699
31.7000 -0.4430 -1.0816 2.7699
31.8000 -0.4490 -1.0793 2.7699
31.9000 -0.4550 -1.0769 2.7699
32.0000 -0.4610 -1.0746 2.7699
32.1000 -0.4670 -1.0722 2.7699
32.2000 -0.4730 -1.0699 2.7699
32.3000 -0.4790 -1.0676 2.7699
32.4000 -0.4850 -1.0652 2.7699
32.5000 -0.4910 -1.0629 2.7699
32.6000 -0.4970 -1.0605 2.7699
32.7000 -0.5030 -1.0582 2.7699
32.8000 -0.5090 -1.0559 2.7699
32.9000 -0.5150 -1.0535 2.7699
33.0000 -0.5210 -1.0512 2.7699
33.1000 -0.5270 -1.0488 2.7699
33.2000 -0.5330 -1.0465 2.7699
33.3000 -0.5390 -1.0442 2.7699
33.4000 -0.5450 -1.0418 2.7699
33.5000 -0.5510 -1.0395 2.7699
33.6000 -0.5570 -1.0371 2.7699
33.7000 -0.5630 -1.0348 2.7699
33.8000 -0.5690 -1.0325 2.7699
33.9000 -0.5750 -1.0301 2.7699
34.0000 -0.5810 -1.0278 2.7699
34.1000 -0.5870 -1.0255 2.7699
34.2000 -0.5930 -1.0231 2.7699
34.3000 -0.5990 -1.0208 2.7699
34.4000 -0.6050 -1.0184 2.7699
34.5000 -0.6110 -1.0161 2.7699
34.6000 -0.6170 -1.0138 2.7699
34.7000 -0.6230 -1.0114 2.7699
34.8000 -0.6290 -1.0091 2.7699
34.9000 -0.6350 -1.0067 2.7699
35.0000 -0.6410 -1.0044 2.7699
35.1000 -0.6470 -1.0021 2.7699
35.2000 -0.6531 -0.9997 2.7699
35.3000 -0.6591 -0.9974 2.7699
35.4000 -0.6651 -0.9950 2.7699
35.5000 -0.6711 -0.9927 2.7699
35.6000 -0.6771 -0.9904 2.7699
35.7000 -0.6831 -0.9880 2.7699
35.8000 -0.6891 -0.9857 2.7699
35.9000 -0.6951 -0.9833 2.7699
36.0000 -0.7011 -0.9810 2.7699
36.1000 -0.7071 -0.9787 2.7699
36.2000 -0.7131 -0.9763 2.7699
36.3000 -0.7191 -0.9740 2.7699
36.4000 -0.7251 -0.9717 2.7699
36.5000 -0.7311 -0.9693 2.7699
36.6000 -0.7371 -0.9670 2.7699
36.7000 -0.7431 -0.9646 2.7699
36.8000 -0.7491 -0.9623 2.7699
36.9000 -0.7551 -0.9600 2.7699
37.0000 -0.7611 -0.9576 2.7699
37.1000 -0.7671 -0.9553 2.7699
37.2000 -0.7731 -0.9529 2.7699
37.3000 -0.7791 -0.9506 2.7699
37.4000 -0.7851 -0.9483 2.7699
37.5000 -0.7911 -0.9459 2.7699
37.6000 -0.7971 -0.9436 2.7699
37.7000 -0.8031 -0.9412 2.7699
37.8000 -0.8091 -0.9389 2.7699
37.9000 -0.8151 -0.9366 2.7699
38.0000 -0.8211 -0.9342 2.7699
38.1000 -0.8271 -0.9319 2.7699
38.2000 -0.8331 -0.9295 2.7699
38.3000 -0.8391 -0.9272 2.7699
38.4000 -0.8451 -0.9249 2.7699
38.5000 -0.8511 -0.9225 2.7699
38.6000 -0.8571 -0.9202 2.7699
38.7000 -0.8631 -0.9178 2.7699
38.8000 -0.8691 -0.9155 2.7699
38.9000 -0.8751 -0.9132 2.7699
39.0000 -0.8811 -0.9108 2.7699
39.1000 -0.8871 -0.9085 2.7699
39.2000 -0.8931 -0.9062 2.7699
39.3000 -0.8991 -0.9038 2.7699
39.4000 -0.9051 -0.9015 2.7699
39.5000 -0.9111 -0.8991 2.7699
39.6000 -0.9171 -0.8968 2.7699
39.7000 -0.9231 -0.8945 2.7699
39.8000 -0.9291 -0.8921 2.7699
39.9000 -0.9351 -0.8898 2.7699
40.0000 -0.9411 -0.8874 2.7699
40.1000 -0.9471 -0.8851 2.7699
40.2000 -0.9531 -0.8828 2.7699
40.3000 -0.9591 -0.8804 2.7699
40.4000 -0.9651 -0.8781 2.7699
40.5000 -0.9711 -0.8757 2.7699
40.6000 -0.9771 -0.8734 2.7699
40.7000 -0.9831 -0.8711 2.7699
40.8000 -0.9891 -0.8687 2.7699
40.9000 -0.9951 -0.8664 2.7699
41.0000 -1.0011 -0.8640 2.7699
41.1000 -1.0071 -0.8617 2.7699
41.2000 -1.0131 -0.8594 2.7699
41.3000 -1.0191 -0.8570 2.7699
41.4000 -1.0251 -0.8547 2.7699
41.5000 -1.0311 -0.8523 2.7699
41.6000 -1.0371 -0.8500 2.7699
41.7000 -1.0431 -0.8477 2.7699
41.8000 -1.0491 -0.8453 2.7699
41.9000 -1.0551 -0.8430 2.7699
42.0000 -1.0611 -0.8407 2.7699
42.1000 -1.0671 -0.8383 2.7699
42.2000 -1.0731 -0.8360 2.7699
42.3000 -1.0746 -0.8354 2.7699
42.4000 -1.0761 -0.8348 2.7699
42.5000 -1.0776 -0.8342 2.7699
42.6000 -1.0791 -0.8336 2.7699
42.7000 -1.0806 -0.8331 2.7699
42.8000 -1.0821 -0.8325 2.7699
42.9000 -1.0836 -0.8319 2.7699
43.0000 -1.0851 -0.8313 2.7699
43.1000 -1.0866 -0.8307 2.7699
43.2000 -1.0881 -0.8301 2.7699
43.3000 -1.0896 -0.8295 2.7699
43.4000 -1.0911 -0.8290 2.7699
43.5000 -1.0926 -0.8284 2.7699
43.6000 -1.0941 -0.8278 2.7699
43.7000 -1.0956 -0.8272 2.7699
43.8000 -1.0971 -0.8266 2.7699
43.9000 -1.0986 -0.8260 2.7699
44.0000 -1.1001 -0.8254 2.7699
44.1000 -1.1016 -0.8249 2.7699
44.2000 -1.1031 -0.8243 2.7699
44.3000 -1.1046 -0.8237 2.7699
44.4000 -1.1061 -0.8231 2.7699
44.5000 -1.1076 -0.8225 2.7699
44.6000 -1.1091 -0.8219 2.7699
44.7000 -1.1106 -0.8214 2.7699
44.8000 -1.1121 -0.8208 2.7699
44.9000 -1.1136 -0.8202 2.7699
45.0000 -1.1151 -0.8196 2.7699
45.1000 -1.1166 -0.8190 2.7699
45.2000 -1.1181 -0.8184 2.7699
45.3000 -1.1196 -0.8178 2.7699
45.4000 -1.1211 -0.8173 2.7699
45.5000 -1.1226 -0.8167 2.7699
45.6000 -1.1241 -0.8161 2.7699
45.7000 -1.1256 -0.8155 2.7699
45.8000 -1.1271 -0.8149 2.7699
45.9000 -1.1286 -0.8143 2.7699
46.0000 -1.1301 -0.8138 2.7699
46.1000 -1.1316 -0.8132 2.7699
46.2000 -1.1331 -0.8126 2.7699
46.3000 -1.1346 -0.8120 2.7699
46.4000 -1.1361 -0.8114 2.7699
46.5000 -1.1376 -0.8108 2.7699
46.6000 -1.1391 -0.8102 2.7699
46.7000 -1.1406 -0.8097 2.7699
46.8000 -1.1421 -0.8091 2.7699
46.9000 -1.1436 -0.8085 2.7699
47.0000 -1.1451 -0.8079 2.7699
47.1000 -1.1466 -0.8073 2.7699
47.2000 -1.1481 -0.8067 2.7699
47.3000 -1.1496 -0.8062 2.7699
47.4000 -1.1511 -0.8056 2.7699
47.5000 -1.1571 -0.8032 2.7699
47.6000 -1.1581 -0.8025 2.5558
47.7000 -1.1635 -0.7989 2.5558
47.8000 -1.1649 -0.7974 2.3580
47.9000 -1.1664 -0.7955 2.1695
48.0000 -1.1678 -0.7927 1.9994
48.1000 -1.1690 -0.7891 1.8478
48.2000 -1.1698 -0.7853 1.7013
48.3000 -1.1700 -0.7814 1.5585
48.4000 -1.1697 -0.7774 1.4220
48.5000 -1.1688 -0.7732 1.2971
48.6000 -1.1672 -0.7686 1.1915
48.7000 -1.1648 -0.7626 1.1915
48.8000 -1.1624 -0.7566 1.1915
48.9000 -1.1600 -0.7506 1.1915
49.0000 -1.1576 -0.7447 1.1915
49.1000 -1.1552 -0.7387 1.1915
49.2000 -1.1529 -0.7327 1.1915
49.3000 -1.1505 -0.7267 1.1915
49.4000 -1.1481 -0.7207 1.1915
49.5000 -1.1457 -0.7148 1.1915
49.6000 -1.1433 -0.7088 1.1915
49.7000 -1.1409 -0.7028 1.1915
49.8000 -1.1386 -0.6968 1.1915
49.9000 -1.1362 -0.6908 1.1915
50.0000 -1.1338 -0.6848 1.1915
50.1000 -1.1314 -0.6789 1.1915
50.2000 -1.1290 -0.6729 1.1915
50.3000 -1.1266 -0.6669 1.1915
50.4000 -1.1242 -0.6609 1.1915
50.5000 -1.1219 -0.6549 1.1915
50.6000 -1.1195 -0.6489 1.1915
50.7000 -1.1171 -0.6430 1.1915
50.8000 -1.1147 -0.6370 1.1915
50.9000 -1.1123 -0.6310 1.1915
51.0000 -1.1099 -0.6250 1.1915
51.1000 -1.1076 -0.6190 1.1915
51.2000 -1.1052 -0.6130 1.1915
51.3000 -1.1028 -0.6071 1.1915
51.4000 -1.1004 -0.6011 1.1915
51.5000 -1.0980 -0.5951 1.1915
51.6000 -1.0956 -0.5891 1.1915
51.7000 -1.0932 -0.5831 1.1915
51.8000 -1.0909 -0.5772 1.1915
51.9000 -1.0885 -0.5712 1.1915
52.0000 -1.0861 -0.5652 1.1915
52.1000 -1.0837 -0.5592 1.1915
52.2000 -1.0829 -0.5565 1.3670
52.3000 -1.0824 -0.5526 1.5130
52.4000 -1.0824 -0.5481 1.6345
52.5000 -1.0830 -0.5437 1.7560
52.6000 -1.0841 -0.5394 1.8775
52.7000 -1.0858 -0.5353 1.9991
52.8000 -1.0884 -0.5295 1.9991
52.9000 -1.0911 -0.5236 1.9991
53.0000 -1.0938 -0.5177 1.9991
53.1000 -1.0965 -0.5119 1.9991
53.2000 -1.0991 -0.5060 1.9991
53.3000 -1.1018 -0.5002 1.9991
53.4000 -1.1045 -0.4943 1.9991
53.5000 -1.1072 -0.4885 1.9991
53.6000 -1.1098 -0.4826 1.9991
53.7000 -1.1125 -0.4767 1.9991
53.8000 -1.1152 -0.4709 1.9991
53.9000 -1.1179 -0.4650 1.9991
54.0000 -1.1205 -0.4592 1.9991
54.1000 -1.1232 -0.4533 1.9991
54.2000 -1.1259 -0.4474 1.9991
54.3000 -1.1285 -0.4416 1.9991
54.4000 -1.1312 -0.4357 1.9991
54.5000 -1.1339 -0.4299 1.9991
54.6000 -1.1366 -0.4240 1.9991
54.7000 -1.1392 -0.4181 1.9991
54.8000 -1.1419 -0.4123 1.9991
54.9000 -1.1446 -0.4064 1.9991
55.0000 -1.1473 -0.4006 1.9991
55.1000 -1.1499 -0.3947 1.9991
55.2000 -1.1526 -0.3889 1.9991
55.3000 -1.1553 -0.3830 1.9991
55.4000 -1.1580 -0.3771 1.9991
55.5000 -1.1606 -0.3713 1.9991
55.6000 -1.1633 -0.3654 1.9991
55.7000 -1.1645 -0.3621 1.8407
55.8000 -1.1651 -0.3587 1.6834
55.9000 -1.1653 -0.3547 1.5411
56.0000 -1.1649 -0.3507 1.4066
56.1000 -1.1639 -0.3469 1.2689
56.2000 -1.1625 -0.3432 1.1326
56.3000 -1.1597 -0.3374 1.1326
56.4000 -1.1570 -0.3316 1.1326
56.5000 -1.1543 -0.3257 1.1326
56.6000 -1.1515 -0.3199 1.1326
56.7000 -1.1488 -0.3141 1.1326
56.8000 -1.1461 -0.3082 1.1326
56.9000 -1.1433 -0.3024 1.1326
57.0000 -1.1406 -0.2966 1.1326
57.1000 -1.1379 -0.2908 1.1326
57.2000 -1.1372 -0.2899 0.9187
57.3000 -1.1333 -0.2847 0.9187
57.4000 -1.1294 -0.2796 0.9187
57.5000 -1.1255 -0.2745 0.9187
57.6000 -1.1216 -0.2694 0.9187
57.7000 -1.1177 -0.2643 0.9187
57.8000 -1.1174 -0.2641 0.6842
57.9000 -1.1159 -0.2634 0.4851
58.0000 -1.1141 -0.2630 0.2914
58.1000 -1.1115 -0.2629 0.1137
58.2000 -1.1084 -0.2633 6.2318
58.3000 -1.1056 -0.2642 6.0578
58.4000 -1.1023 -0.2657 5.9040
58.5000 -1.0981 -0.2682 5.7837
58.6000 -1.0939 -0.2712 5.6763
58.7000 -1.0901 -0.2747 5.5671
58.8000 -1.0866 -0.2784 5.4538
58.9000 -1.0838 -0.2823 5.3331
59.0000 -1.0800 -0.2875 5.3331
59.1000 -1.0763 -0.2928 5.3331
59.2000 -1.0725 -0.2980 5.3331
59.3000 -1.0688 -0.3032 5.3331
59.4000 -1.0650 -0.3085 5.3331
59.5000 -1.0613 -0.3137 5.3331
59.6000 -1.0575 -0.3190 5.3331
59.7000 -1.0538 -0.3242 5.3331
59.8000 -1.0501 -0.3294 5.3331
59.9000 -1.0463 -0.3347 5.3331
60.0000 -1.0458 -0.3356 5.1130
60.1000 -1.0439 -0.3409 5.0260
60.2000 -1.0420 -0.3470 5.0260
60.3000 -1.0400 -0.3531 5.0260
60.4000 -1.0380 -0.3593 5.0260
60.5000 -1.0360 -0.3654 5.0260
60.6000 -1.0340 -0.3715 5.0260
60.7000 -1.0320 -0.3776 5.0260
60.8000 -1.0313 -0.3808 4.8626
60.9000 -1.0310 -0.3843 4.7066
61.0000 -1.0313 -0.3871 4.5361
61.1000 -1.0324 -0.3935 4.5361
61.2000 -1.0336 -0.3998 4.5361
61.3000 -1.0347 -0.4062 4.5361
61.4000 -1.0358 -0.4125 4.5361
61.5000 -1.0370 -0.4188 4.5361
61.6000 -1.0379 -0.4225 4.3938
61.7000 -1.0396 -0.4265 4.2723
61.8000 -1.0418 -0.4302 4.1508
61.9000 -1.0444 -0.4336 4.0292
62.0000 -1.0475 -0.4366 3.9077
62.1000 -1.0522 -0.4411 3.9077
62.2000 -1.0568 -0.4455 3.9077
62.3000 -1.0614 -0.4500 3.9077
62.4000 -1.0661 -0.4544 3.9077
62.5000 -1.0707 -0.4589 3.9077
62.6000 -1.0754 -0.4634 3.9077
62.7000 -1.0800 -0.4678 3.9077
62.8000 -1.0846 -0.4723 3.9077
62.9000 -1.0893 -0.4768 3.9077
63.0000 -1.0939 -0.4812 3.9077
63.1000 -1.0986 -0.4857 3.9077
63.2000 -1.1032 -0.4902 3.9077
63.3000 -1.1078 -0.4946 3.9077
63.4000 -1.1125 -0.4991 3.9077
63.5000 -1.1171 -0.5036 3.9077
63.6000 -1.1218 -0.5080 3.9077
63.7000 -1.1264 -0.5125 3.9077
63.8000 -1.1310 -0.5170 3.9077
63.9000 -1.1357 -0.5214 3.9077
64.0000 -1.1403 -0.5259 3.9077
64.1000 -1.1450 -0.5304 3.9077
64.2000 -1.1496 -0.5348 3.9077
64.3000 -1.1543 -0.5393 3.9077
64.4000 -1.1589 -0.5438 3.9077
64.5000 -1.1602 -0.5456 4.0996
64.6000 -1.1617 -0.5483 4.2704
64.7000 -1.1630 -0.5519 4.4217
64.8000 -1.1648 -0.5581 4.4217
64.9000 -1.1656 -0.5618 4.5686
65.0000 -1.1659 -0.5658 4.7116
65.1000 -1.1657 -0.5697 4.8497
65.2000 -1.1648 -0.5740 4.9736
65.3000 -1.1632 -0.5785 5.0835
65.4000 -1.1609 -0.5845 5.0835
65.5000 -1.1586 -0.5905 5.0835
65.6000 -1.1562 -0.5965 5.0835
65.7000 -1.1539 -0.6025 5.0835
65.8000 -1.1516 -0.6085 5.0835
65.9000 -1.1492 -0.6145 5.0835
66.0000 -1.1469 -0.6205 5.0835
66.1000 -1.1446 -0.6265 5.0835
66.2000 -1.1422 -0.6325 5.0835
66.3000 -1.1399 -0.6385 5.0835
66.4000 -1.1376 -0.6445 5.0835
66.5000 -1.1352 -0.6505 5.0835
66.6000 -1.1329 -0.6565 5.0835
66.7000 -1.1306 -0.6625 5.0835
66.8000 -1.1282 -0.6685 5.0835
66.9000 -1.1259 -0.6745 5.0835
67.0000 -1.1235 -0.6805 5.0835
67.1000 -1.1212 -0.6865 5.0835
67.2000 -1.1189 -0.6925 5.0835
67.3000 -1.1165 -0.6985 5.0835
67.4000 -1.1142 -0.7045 5.0835
67.5000 -1.1119 -0.7105 5.0835
67.6000 -1.1095 -0.7165 5.0835
67.7000 -1.1072 -0.7225 5.0835
67.8000 -1.1049 -0.7285 5.0835
67.9000 -1.1025 -0.7345 5.0835
68.0000 -1.1002 -0.7405 5.0835
68.1000 -1.0979 -0.7465 5.0835
68.2000 -1.0955 -0.7526 5.0835
68.3000 -1.0949 -0.7541 5.0835
68.4000 -1.0944 -0.7556 5.0835
68.5000 -1.0938 -0.7571 5.0835
68.6000 -1.0932 -0.7586 5.0835
68.7000 -1.0926 -0.7601 5.0835
68.8000 -1.0920 -0.7616 5.0835
68.9000 -1.0914 -0.7631 5.0835
69.0000 -1.0908 -0.7646 5.0835
69.1000 -1.0903 -0.7661 5.0835
69.2000 -1.0897 -0.7676 5.0835
69.3000 -1.0891 -0.7691 5.0835
69.4000 -1.0885 -0.7706 5.0835
69.5000 -1.0879 -0.7721 5.0835
69.6000 -1.0873 -0.7736 5.0835
69.7000 -1.0868 -0.7751 5.0835
69.8000 -1.0862 -0.7766 5.0835
69.9000 -1.0856 -0.7781 5.0835
70.0000 -1.0850 -0.7796 5.0835
70.1000 -1.0844 -0.7811 5.0835
70.2000 -1.0838 -0.7826 5.0835
70.3000 -1.0833 -0.7841 5.0835
70.4000 -1.0827 -0.7856 5.0835
70.5000 -1.0821 -0.7871 5.0835
70.6000 -1.0815 -0.7886 5.0835
70.7000 -1.0809 -0.7901 5.0835
70.8000 -1.0803 -0.7916 5.0835
70.9000 -1.0798 -0.7931 5.0835
71.0000 -1.0792 -0.7946 5.0835
71.1000 -1.0786 -0.7961 5.0835
71.2000 -1.0780 -0.7976 5.0835
71.3000 -1.0774 -0.7991 5.0835
71.4000 -1.0768 -0.8006 5.0835
71.5000 -1.0762 -0.8021 5.0835
71.6000 -1.0757 -0.8036 5.0835
71.7000 -1.0751 -0.8051 5.0835
71.8000 -1.0745 -0.8066 5.0835
71.9000 -1.0739 -0.8081 5.0835
72.0000 -1.0733 -0.8096 5.0835
72.1000 -1.0727 -0.8111 5.0835
72.2000 -1.0722 -0.8126 5.0835
72.3000 -1.0716 -0.8141 5.0835
72.4000 -1.0710 -0.8156 5.0835
72.5000 -1.0704 -0.8171 5.0835
72.6000 -1.0698 -0.8186 5.0835
72.7000 -1.0692 -0.8201 5.0835
72.8000 -1.0687 -0.8216 5.0835
72.9000 -1.0681 -0.8231 5.0835
73.0000 -1.0675 -0.8246 5.0835
73.1000 -1.0669 -0.8261 5.0835
73.2000 -1.0663 -0.8276 5.0835
73.3000 -1.0657 -0.8291 5.0835
73.4000 -1.0652 -0.8306 5.0835
73.5000 -1.0646 -0.8321 5.0835
73.6000 -1.0640 -0.8336 5.0835
73.7000 -1.0634 -0.8351 5.0835
73.8000 -1.0611 -0.8411 5.0835
73.9000 -1.0587 -0.8471 5.0835
74.0000 -1.0564 -0.8531 5.0835
74.1000 -1.0541 -0.8591 5.0835
74.2000 -1.0517 -0.8651 5.0835
74.3000 -1.0494 -0.8711 5.0835
74.4000 -1.0471 -0.8771 5.0835
74.5000 -1.0447 -0.8831 5.0835
74.6000 -1.0424 -0.8891 5.0835
74.7000 -1.0400 -0.8951 5.0835
74.8000 -1.0377 -0.9011 5.0835
74.9000 -1.0354 -0.9071 5.0835
75.0000 -1.0330 -0.9131 5.0835
75.1000 -1.0307 -0.9191 5.0835
75.2000 -1.0284 -0.9251 5.0835
75.3000 -1.0260 -0.9311 5.0835
75.4000 -1.0237 -0.9371 5.0835
75.5000 -1.0214 -0.9431 5.0835
75.6000 -1.0190 -0.9491 5.0835
75.7000 -1.0167 -0.9551 5.0835
75.8000 -1.0144 -0.9611 5.0835
75.9000 -1.0120 -0.9671 5.0835
76.0000 -1.0097 -0.9731 5.0835
76.1000 -1.0074 -0.9791 5.0835
76.2000 -1.0050 -0.9851 5.0835
76.3000 -1.0027 -0.9911 5.0835
76.4000 -1.0003 -0.9971 5.0835
76.5000 -0.9980 -1.0031 5.0835
76.6000 -0.9957 -1.0091 5.0835
76.7000 -0.9933 -1.0151 5.0835
76.8000 -0.9910 -1.0211 5.0835
76.9000 -0.9887 -1.0271 5.0835
77.0000 -0.9863 -1.0331 5.0835
77.1000 -0.9840 -1.0391 5.0835
77.2000 -0.9817 -1.0451 5.0835
77.3000 -0.9793 -1.0511 5.0835
77.4000 -0.9770 -1.0571 5.0835
77.5000 -0.9747 -1.0631 5.0835
77.6000 -0.9723 -1.0691 5.0835
77.7000 -0.9700 -1.0752 5.0835
77.8000 -0.9676 -1.0812 5.0835
77.9000 -0.9653 -1.0872 5.0835
78.0000 -0.9630 -1.0932 5.0835
78.1000 -0.9606 -1.0992 5.0835
78.2000 -0.9583 -1.1052 5.0835
78.3000 -0.9560 -1.1112 5.0835
78.4000 -0.9536 -1.1172 5.0835
78.5000 -0.9513 -1.1232 5.0835
78.6000 -0.9490 -1.1292 5.0835
78.7000 -0.9466 -1.1352 5.0835
78.8000 -0.9443 -1.1412 5.0835
78.9000 -0.9420 -1.1472 5.0835
79.0000 -0.9396 -1.1532 5.0835
79.1000 -0.9373 -1.1592 5.0835
79.2000 -0.9367 -1.1601 5.2970
79.3000 -0.9332 -1.1655 5.2970
79.4000 -0.9320 -1.1667 5.4948
79.5000 -0.9303 -1.1678 5.6822
79.6000 -0.9277 -1.1689 5.8524
79.7000 -0.9244 -1.1696 6.0055
79.8000 -0.9207 -1.1698 6.1526
79.9000 -0.9169 -1.1695 0.0121
80.0000 -0.9128 -1.1686 0.1490
80.1000 -0.9084 -1.1671 0.2726
80.2000 -0.9037 -1.1650 0.3794
80.3000 -0.8977 -1.1626 0.3794
80.4000 -0.8917 -1.1602 0.3794
80.5000 -0.8858 -1.1579 0.3794
80.6000 -0.8798 -1.1555 0.3794
80.7000 -0.8738 -1.1531 0.3794
80.8000 -0.8678 -1.1507 0.3794
80.9000 -0.8618 -1.1483 0.3794
81.0000 -0.8559 -1.1459 0.3794
81.1000 -0.8499 -1.1436 0.3794
81.2000 -0.8439 -1.1412 0.3794
81.3000 -0.8379 -1.1388 0.3794
81.4000 -0.8319 -1.1364 0.3794
81.5000 -0.8259 -1.1340 0.3794
81.6000 -0.8200 -1.1316 0.3794
81.7000 -0.8140 -1.1292 0.3794
81.8000 -0.8080 -1.1269 0.3794
81.9000 -0.8020 -1.1245 0.3794
82.0000 -0.7960 -1.1221 0.3794
82.1000 -0.7900 -1.1197 0.3794
82.2000 -0.7841 -1.1173 0.3794
82.3000 -0.7781 -1.1149 0.3794
82.4000 -0.7721 -1.1125 0.3794
82.5000 -0.7661 -1.1102 0.3794
82.6000 -0.7601 -1.1078 0.3794
82.7000 -0.7542 -1.1054 0.3794
82.8000 -0.7482 -1.1030 0.3794
82.9000 -0.7422 -1.1006 0.3794
83.0000 -0.7362 -1.0982 0.3794
83.1000 -0.7302 -1.0958 0.3794
83.2000 -0.7242 -1.0935 0.3794
83.3000 -0.7183 -1.0911 0.3794
83.4000 -0.7123 -1.0887 0.3794
83.5000 -0.7063 -1.0863 0.3794
83.6000 -0.7003 -1.0839 0.3794
83.7000 -0.6943 -1.0815 0.3794
83.8000 -0.6883 -1.0792 0.3794
83.9000 -0.6824 -1.0768 0.3794
84.0000 -0.6764 -1.0744 0.3794
84.1000 -0.6704 -1.0720 0.3794
84.2000 -0.6644 -1.0696 0.3794
84.3000 -0.6584 -1.0672 0.3794
84.4000 -0.6525 -1.0648 0.3794
84.5000 -0.6465 -1.0625 0.3794
84.6000 -0.6405 -1.0601 0.3794
84.7000 -0.6345 -1.0577 0.3794
84.8000 -0.6285 -1.0553 0.3794
84.9000 -0.6225 -1.0529 0.3794
85.0000 -0.6166 -1.0505 0.3794
85.1000 -0.6106 -1.0481 0.3794
85.2000 -0.6046 -1.0458 0.3794
85.3000 -0.5986 -1.0434 0.3794
85.4000 -0.5926 -1.0410 0.3794
85.5000 -0.5867 -1.0386 0.3794
85.6000 -0.5807 -1.0362 0.3794
85.7000 -0.5747 -1.0338 0.3794
85.8000 -0.5687 -1.0314 0.3794
85.9000 -0.5627 -1.0291 0.3794
86.0000 -0.5567 -1.0267 0.3794
86.1000 -0.5508 -1.0243 0.3794
86.2000 -0.5448 -1.0219 0.3794
86.3000 -0.5388 -1.0195 0.3794
86.4000 -0.5328 -1.0171 0.3794
86.5000 -0.5268 -1.0148 0.3794
86.6000 -0.5208 -1.0124 0.3794
86.7000 -0.5149 -1.0100 0.3794
86.8000 -0.5089 -1.0076 0.3794
86.9000 -0.5029 -1.0052 0.3794
87.0000 -0.4969 -1.0028 0.3794
87.1000 -0.4909 -1.0004 0.3794
87.2000 -0.4850 -0.9981 0.3794
87.3000 -0.4790 -0.9957 0.3794
87.4000 -0.4730 -0.9933 0.3794
87.5000 -0.4670 -0.9909 0.3794
87.6000 -0.4610 -0.9885 0.3794
87.7000 -0.4550 -0.9861 0.3794
87.8000 -0.4491 -0.9837 0.3794
87.9000 -0.4431 -0.9814 0.3794
88.0000 -0.4371 -0.9790 0.3794
88.1000 -0.4311 -0.9766 0.3794
88.2000 -0.4251 -0.9742 0.3794
88.3000 -0.4191 -0.9718 0.3794
88.4000 -0.4132 -0.9694 0.3794
88.5000 -0.4072 -0.9670 0.3794
88.6000 -0.4012 -0.9647 0.3794
88.7000 -0.3952 -0.9623 0.3794
88.8000 -0.3892 -0.9599 0.3794
88.9000 -0.3833 -0.9575 0.3794
89.0000 -0.3773 -0.9551 0.3794
89.1000 -0.3713 -0.9527 0.3794
89.2000 -0.3653 -0.9504 0.3794
89.3000 -0.3593 -0.9480 0.3794
89.4000 -0.3533 -0.9456 0.3794
89.5000 -0.3474 -0.9432 0.3794
89.6000 -0.3414 -0.9408 0.3794
89.7000 -0.3354 -0.9384 0.3794
89.8000 -0.3294 -0.9360 0.3794
89.9000 -0.3234 -0.9337 0.3794
90.0000 -0.3174 -0.9313 0.3794
90.1000 -0.3115 -0.9289 0.3794
90.2000 -0.3055 -0.9265 0.3794
90.3000 -0.2995 -0.9241 0.3794
90.4000 -0.2935 -0.9217 0.3794
90.5000 -0.2875 -0.9193 0.3794
90.6000 -0.2816 -0.9170 0.3794
90.7000 -0.2756 -0.9146 0.3794
90.8000 -0.2696 -0.9122 0.3794
90.9000 -0.2636 -0.9098 0.3794
91.0000 -0.2576 -0.9074 0.3794
91.1000 -0.2516 -0.9050 0.3794
91.2000 -0.2457 -0.9026 0.3794
91.3000 -0.2397 -0.9003 0.3794
91.4000 -0.2337 -0.8979 0.3794
91.5000 -0.2277 -0.8955 0.3794
91.6000 -0.2217 -0.8931 0.3794
91.7000 -0.2157 -0.8907 0.3794
91.8000 -0.2098 -0.8883 0.3794
91.9000 -0.2038 -0.8860 0.3794
92.0000 -0.1978 -0.8836 0.3794
92.1000 -0.1918 -0.8812 0.3794
92.2000 -0.1910 -0.8806 0.5995
92.3000 -0.1857 -0.8769 0.5995
92.4000 -0.1849 -0.8761 0.8195
92.5000 -0.1837 -0.8743 1.0130
92.6000 -0.1825 -0.8717 1.1885
92.7000 -0.1817 -0.8689 1.3640
92.8000 -0.1804 -0.8626 1.3640
92.9000 -0.1790 -0.8563 1.3640
93.0000 -0.1785 -0.8525 1.5091
93.1000 -0.1785 -0.8479 1.6307
93.2000 -0.1791 -0.8435 1.7522
93.3000 -0.1802 -0.8393 1.8768
93.4000 -0.1818 -0.8352 1.9983
93.5000 -0.1845 -0.8294 1.9983
93.6000 -0.1871 -0.8235 1.9983
93.7000 -0.1898 -0.8176 1.9983
93.8000 -0.1925 -0.8118 1.9983
93.9000 -0.1951 -0.8059 1.9983
94.0000 -0.1978 -0.8001 1.9983
94.1000 -0.2005 -0.7942 1.9983
94.2000 -0.2031 -0.7883 1.9983
94.3000 -0.2058 -0.7825 1.9983
94.4000 -0.2085 -0.7766 1.9983
94.5000 -0.2112 -0.7708 1.9983
94.6000 -0.2138 -0.7649 1.9983
94.7000 -0.2165 -0.7590 1.9983
94.8000 -0.2192 -0.7532 1.9983
94.9000 -0.2218 -0.7473 1.9983
95.0000 -0.2245 -0.7415 1.9983
95.1000 -0.2248 -0.7405 1.7782
95.2000 -0.2249 -0.7395 1.5581
95.3000 -0.2248 -0.7331 1.5581
95.4000 -0.2247 -0.7266 1.5581
95.5000 -0.2245 -0.7242 1.3781
95.6000 -0.2240 -0.7227 1.1737
95.7000 -0.2231 -0.7212 0.9768
95.8000 -0.2195 -0.7159 0.9768
95.9000 -0.2159 -0.7106 0.9768
96.0000 -0.2123 -0.7052 0.9768
96.1000 -0.2095 -0.7020 0.8553
96.2000 -0.2063 -0.6991 0.7338
96.3000 -0.2028 -0.6967 0.6122
96.4000 -0.2004 -0.6957 0.4379
96.5000 -0.1946 -0.6930 0.4379
96.6000 -0.1887 -0.6903 0.4379
96.7000 -0.1829 -0.6875 0.4379
96.8000 -0.1771 -0.6848 0.4379
96.9000 -0.1712 -0.6821 0.4379
97.0000 -0.1689 -0.6803 0.6135
97.1000 -0.1636 -0.6766 0.6135
97.2000 -0.1583 -0.6729 0.6135
97.3000 -0.1531 -0.6692 0.6135
97.4000 -0.1478 -0.6655 0.6135
97.5000 -0.1425 -0.6617 0.6135
97.6000 -0.1373 -0.6580 0.6135
97.7000 -0.1320 -0.6543 0.6135
97.8000 -0.1267 -0.6506 0.6135
97.9000 -0.1215 -0.6469 0.6135
98.0000 -0.1162 -0.6432 0.6135
98.1000 -0.1110 -0.6395 0.6135
98.2000 -0.1084 -0.6370 0.7722
98.3000 -0.1061 -0.6340 0.9277
98.4000 -0.1036 -0.6299 1.0492
98.5000 -0.1004 -0.6243 1.0492
98.6000 -0.0972 -0.6188 1.0492
98.7000 -0.0940 -0.6132 1.0492
98.8000 -0.0908 -0.6076 1.0492
98.9000 -0.0876 -0.6020 1.0492
99.0000 -0.0844 -0.5964 1.0492
99.1000 -0.0811 -0.5908 1.0492
99.2000 -0.0779 -0.5852 1.0492
99.3000 -0.0747 -0.5797 1.0492
99.4000 -0.0743 -0.5787 1.2693
99.5000 -0.0743 -0.5786 1.0307
99.6000 -0.0739 -0.5776 1.2507
99.7000 -0.0738 -0.5775 1.0108
99.8000 -0.0734 -0.5766 1.2309
99.9000 -0.0734 -0.5765 0.9889
100.0000 -0.0698 -0.5711 0.9889
100.1000 -0.0696 -0.5707 1.2207
100.2000 -0.0696 -0.5706 1.4617
100.3000 -0.0696 -0.5680 1.6411
100.4000 -0.0701 -0.5643 1.7851
100.5000 -0.0711 -0.5613 1.9442
100.6000 -0.0719 -0.5598 2.1419
100.7000 -0.0754 -0.5544 2.1419
100.8000 -0.0771 -0.5524 2.3142
100.9000 -0.0797 -0.5504 2.4662
101.0000 -0.0828 -0.5487 2.6133
101.1000 -0.0866 -0.5473 2.7477
101.2000 -0.0925 -0.5449 2.7477
101.3000 -0.0984 -0.5424 2.7477
101.4000 -0.1044 -0.5399 2.7477
101.5000 -0.1103 -0.5375 2.7477
101.6000 -0.1114 -0.5366 2.5345
101.7000 -0.1167 -0.5330 2.5345
101.8000 -0.1171 -0.5325 2.3037
101.9000 -0.1187 -0.5314 2.4940
102.0000 -0.1189 -0.5311 2.2579
102.1000 -0.1204 -0.5299 2.4489
102.2000 -0.1205 -0.5298 2.2102
102.3000 -0.1219 -0.5285 2.4018
102.4000 -0.1227 -0.5281 2.6211
102.5000 -0.1241 -0.5268 2.4193
102.6000 -0.1247 -0.5265 2.6453
102.7000 -0.1262 -0.5252 2.4468
102.8000 -0.1265 -0.5248 2.2155
102.9000 -0.1276 -0.5238 2.4177
103.0000 -0.1279 -0.5237 2.6536
103.1000 -0.1294 -0.5223 2.4560
103.2000 -0.1299 -0.5217 2.2302
103.3000 -0.1309 -0.5209 2.4405
103.4000 -0.1310 -0.5207 2.2034
103.5000 -0.1319 -0.5199 2.4137
103.6000 -0.1321 -0.5197 2.1757
103.7000 -0.1330 -0.5188 2.3833
103.8000 -0.1331 -0.5188 2.6247
103.9000 -0.1346 -0.5174 2.4264
104.0000 -0.1350 -0.5169 2.1970
104.1000 -0.1357 -0.5162 2.4130
104.2000 -0.1360 -0.5159 2.1805
104.3000 -0.1367 -0.5152 2.3993
104.4000 -0.1370 -0.5148 2.1688
104.5000 -0.1377 -0.5142 2.3877
104.6000 -0.1380 -0.5137 2.1572
104.7000 -0.1386 -0.5131 2.3760
104.8000 -0.1389 -0.5127 2.1425
104.9000 -0.1395 -0.5120 2.3613
105.0000 -0.1398 -0.5116 2.1298
105.1000 -0.1404 -0.5110 2.3486
105.2000 -0.1406 -0.5106 2.1141
105.3000 -0.1413 -0.5100 2.3328
105.4000 -0.1415 -0.5096 2.0983
105.5000 -0.1421 -0.5089 2.3171
105.6000 -0.1423 -0.5086 2.0817
105.7000 -0.1432 -0.5063 1.8976
105.8000 -0.1441 -0.5027 1.7445
105.9000 -0.1444 -0.4992 1.5904
106.0000 -0.1443 -0.4968 1.4081
106.1000 -0.1439 -0.4955 1.2003
106.2000 -0.1433 -0.4932 1.3874
106.3000 -0.1429 -0.4921 1.1741
106.4000 -0.1422 -0.4898 1.3627
106.5000 -0.1419 -0.4888 1.1466
106.6000 -0.1412 -0.4866 1.3367
106.7000 -0.1408 -0.4839 1.5125
106.8000 -0.1405 -0.4823 1.3108
106.9000 -0.1401 -0.4797 1.4903
107.0000 -0.1398 -0.4782 1.2856
107.1000 -0.1393 -0.4757 1.4682
107.2000 -0.1390 -0.4743 1.2606
107.3000 -0.1385 -0.4719 1.4453
107.4000 -0.1383 -0.4709 1.2293
107.5000 -0.1377 -0.4686 1.4162
107.6000 -0.1375 -0.4658 1.5917
107.7000 -0.1374 -0.4640 1.3934
107.8000 -0.1371 -0.4613 1.5689
107.9000 -0.1370 -0.4596 1.3676
108.0000 -0.1367 -0.4569 1.5431
108.1000 -0.1365 -0.4553 1.3387
108.2000 -0.1361 -0.4527 1.5164
108.3000 -0.1362 -0.4500 1.6919
108.4000 -0.1368 -0.4469 1.8530
108.5000 -0.1381 -0.4437 2.0047
108.6000 -0.1402 -0.4400 2.1263
108.7000 -0.1429 -0.4366 2.2478
108.8000 -0.1459 -0.4336 2.3693
108.9000 -0.1476 -0.4314 2.1881
109.0000 -0.1504 -0.4282 2.3097
109.1000 -0.1547 -0.4234 2.3097
109.2000 -0.1591 -0.4187 2.3097
109.3000 -0.1619 -0.4148 2.1882
109.4000 -0.1643 -0.4106 2.0666
109.5000 -0.1663 -0.4063 1.9451
109.6000 -0.1677 -0.4018 1.8236
109.7000 -0.1691 -0.3976 1.9451
109.8000 -0.1705 -0.3931 1.8236
109.9000 -0.1719 -0.3889 1.9451
110.0000 -0.1733 -0.3844 1.8236
110.1000 -0.1747 -0.3803 1.9451
110.2000 -0.1766 -0.3764 2.0667
110.3000 -0.1785 -0.3720 1.9451
110.4000 -0.1804 -0.3681 2.0667
110.5000 -0.1824 -0.3638 1.9451
110.6000 -0.1847 -0.3578 1.9451
110.7000 -0.1871 -0.3518 1.9451
110.8000 -0.1894 -0.3458 1.9451
110.9000 -0.1918 -0.3398 1.9451
111.0000 -0.1941 -0.3338 1.9451
111.1000 -0.1965 -0.3278 1.9451
111.2000 -0.1988 -0.3218 1.9451
111.3000 -0.2012 -0.3158 1.9451
111.4000 -0.2036 -0.3098 1.9451
111.5000 -0.2059 -0.3038 1.9451
111.6000 -0.2083 -0.2978 1.9451
111.7000 -0.2106 -0.2918 1.9451
111.8000 -0.2130 -0.2859 1.9451
111.9000 -0.2153 -0.2799 1.9451
112.0000 -0.2177 -0.2739 1.9451
112.1000 -0.2200 -0.2679 1.9451
112.2000 -0.2224 -0.2619 1.9451
112.3000 -0.2247 -0.2559 1.9451
112.4000 -0.2271 -0.2499 1.9451
112.5000 -0.2295 -0.2439 1.9451
112.6000 -0.2318 -0.2379 1.9451
112.7000 -0.2342 -0.2319 1.9451
112.8000 -0.2365 -0.2259 1.9451
112.9000 -0.2389 -0.2199 1.9451
113.0000 -0.2412 -0.2139 1.9451
113.1000 -0.2436 -0.2079 1.9451
113.2000 -0.2459 -0.2019 1.9451
113.3000 -0.2483 -0.1959 1.9451
113.4000 -0.2507 -0.1899 1.9451
113.5000 -0.2530 -0.1839 1.9451
113.6000 -0.2554 -0.1780 1.9451
113.7000 -0.2577 -0.1720 1.9451
113.8000 -0.2601 -0.1660 1.9451
113.9000 -0.2624 -0.1600 1.9451
114.0000 -0.2648 -0.1540 1.9451
114.1000 -0.2671 -0.1480 1.9451
114.2000 -0.2695 -0.1420 1.9451
114.3000 -0.2718 -0.1360 1.9451
114.4000 -0.2742 -0.1300 1.9451
114.5000 -0.2766 -0.1240 1.9451
114.6000 -0.2789 -0.1180 1.9451
114.7000 -0.2813 -0.1120 1.9451
114.8000 -0.2836 -0.1060 1.9451
114.9000 -0.2860 -0.1000 1.9451
115.0000 -0.2883 -0.0940 1.9451
115.1000 -0.2907 -0.0880 1.9451
115.2000 -0.2930 -0.0820 1.9451
115.3000 -0.2954 -0.0761 1.9451
115.4000 -0.2978 -0.0701 1.9451
115.5000 -0.3001 -0.0641 1.9451
115.6000 -0.3025 -0.0581 1.9451
115.7000 -0.3048 -0.0521 1.9451
115.8000 -0.3072 -0.0461 1.9451
115.9000 -0.3095 -0.0401 1.9451
116.0000 -0.3119 -0.0341 1.9451
116.1000 -0.3142 -0.0281 1.9451
116.2000 -0.3166 -0.0221 1.9451
116.3000 -0.3189 -0.0161 1.9451
116.4000 -0.3213 -0.0101 1.9451
116.5000 -0.3237 -0.0041 1.9451
116.6000 -0.3260 0.0019 1.9451
116.7000 -0.3284 0.0079 1.9451
116.8000 -0.3307 0.0139 1.9451
116.9000 -0.3310 0.0148 1.7251
117.0000 -0.3320 0.0212 1.7251
117.1000 -0.3329 0.0276 1.7251
117.2000 -0.3339 0.0339 1.7251
117.3000 -0.3349 0.0403 1.7251
117.4000 -0.3359 0.0467 1.7251
117.5000 -0.3369 0.0530 1.7251
117.6000 -0.3371 0.0555 1.5421
117.7000 -0.3367 0.0581 1.3666
117.8000 -0.3360 0.0606 1.1910
117.9000 -0.3336 0.0666 1.1910
118.0000 -0.3312 0.0725 1.1910
118.1000 -0.3288 0.0785 1.1910
118.2000 -0.3269 0.0824 1.0695
118.3000 -0.3244 0.0860 0.9480
118.4000 -0.3216 0.0891 0.8265
118.5000 -0.3183 0.0919 0.7050
118.6000 -0.3134 0.0961 0.7050
118.7000 -0.3085 0.1003 0.7050
118.8000 -0.3036 0.1044 0.7050
118.9000 -0.2987 0.1086 0.7050
119.0000 -0.2938 0.1128 0.7050
119.1000 -0.2888 0.1169 0.7050
119.2000 -0.2839 0.1211 0.7050
119.3000 -0.2790 0.1253 0.7050
119.4000 -0.2741 0.1295 0.7050
119.5000 -0.2692 0.1336 0.7050
119.6000 -0.2643 0.1378 0.7050
119.7000 -0.2594 0.1420 0.7050
119.8000 -0.2545 0.1462 0.7050
119.9000 -0.2496 0.1503 0.7050
120.0000 -0.2447 0.1545 0.7050
120.1000 -0.2398 0.1587 0.7050
120.2000 -0.2349 0.1629 0.7050
120.3000 -0.2300 0.1670 0.7050
120.4000 -0.2251 0.1712 0.7050
120.5000 -0.2202 0.1754 0.7050
120.6000 -0.2153 0.1795 0.7050
120.7000 -0.2104 0.1837 0.7050
120.8000 -0.2055 0.1879 0.7050
120.9000 -0.2006 0.1921 0.7050
121.0000 -0.1957 0.1962 0.7050
121.1000 -0.1907 0.2004 0.7050
121.2000 -0.1894 0.2021 0.8997
121.3000 -0.1881 0.2043 1.0851
121.4000 -0.1874 0.2062 1.2810
121.5000 -0.1855 0.2124 1.2810
121.6000 -0.1847 0.2161 1.4286
121.7000 -0.1844 0.2202 1.5661
121.8000 -0.1847 0.2238 1.7161
121.9000 -0.1854 0.2270 1.8729
122.0000 -0.1870 0.2309 2.0012
122.1000 -0.1897 0.2367 2.0012
122.2000 -0.1924 0.2426 2.0012
122.3000 -0.1951 0.2484 2.0012
122.4000 -0.1977 0.2543 2.0012
122.5000 -0.2004 0.2601 2.0012
122.6000 -0.2031 0.2660 2.0012
122.7000 -0.2058 0.2719 2.0012
122.8000 -0.2085 0.2777 2.0012
122.9000 -0.2097 0.2796 2.1850
123.0000 -0.2134 0.2848 2.1850
123.1000 -0.2171 0.2901 2.1850
123.2000 -0.2208 0.2954 2.1850
123.3000 -0.2245 0.3006 2.1850
123.4000 -0.2283 0.3059 2.1850
123.5000 -0.2320 0.3112 2.1850
123.6000 -0.2357 0.3164 2.1850
123.7000 -0.2394 0.3217 2.1850
123.8000 -0.2431 0.3269 2.1850
123.9000 -0.2468 0.3322 2.1850
124.0000 -0.2505 0.3375 2.1850
124.1000 -0.2542 0.3427 2.1850
124.2000 -0.2571 0.3459 2.3065
124.3000 -0.2604 0.3488 2.4237
124.4000 -0.2642 0.3513 2.5379
124.5000 -0.2647 0.3515 2.7657
124.6000 -0.2707 0.3539 2.7657
124.7000 -0.2767 0.3562 2.7657
124.8000 -0.2827 0.3586 2.7657
124.9000 -0.2851 0.3602 2.5902
125.0000 -0.2868 0.3618 2.3995
125.1000 -0.2916 0.3662 2.3995
125.2000 -0.2963 0.3705 2.3995
125.3000 -0.3011 0.3749 2.3995
125.4000 -0.3058 0.3792 2.3995
125.5000 -0.3106 0.3836 2.3995
125.6000 -0.3153 0.3879 2.3995
125.7000 -0.3201 0.3923 2.3995
125.8000 -0.3232 0.3960 2.2780
125.9000 -0.3260 0.3999 2.1565
126.0000 -0.3283 0.4041 2.0350
126.1000 -0.3311 0.4099 2.0350
126.2000 -0.3340 0.4157 2.0350
126.3000 -0.3369 0.4214 2.0350
126.4000 -0.3398 0.4272 2.0350
126.5000 -0.3427 0.4329 2.0350
126.6000 -0.3455 0.4387 2.0350
126.7000 -0.3484 0.4444 2.0350
126.8000 -0.3513 0.4502 2.0350
126.9000 -0.3542 0.4560 2.0350
127.0000 -0.3571 0.4617 2.0350
127.1000 -0.3600 0.4675 2.0350
127.2000 -0.3628 0.4732 2.0350
127.3000 -0.3657 0.4790 2.0350
127.4000 -0.3686 0.4848 2.0350
127.5000 -0.3715 0.4905 2.0350
127.6000 -0.3744 0.4963 2.0350
127.7000 -0.3773 0.5020 2.0350
127.8000 -0.3801 0.5078 2.0350
127.9000 -0.3830 0.5136 2.0350
128.0000 -0.3859 0.5193 2.0350
128.1000 -0.3888 0.5251 2.0350
128.2000 -0.3917 0.5308 2.0350
128.3000 -0.3946 0.5366 2.0350
128.4000 -0.3974 0.5423 2.0350
128.5000 -0.4003 0.5481 2.0350
128.6000 -0.4032 0.5539 2.0350
128.7000 -0.4061 0.5596 2.0350
128.8000 -0.4070 0.5609 2.2350
128.9000 -0.4089 0.5626 2.4096
129.0000 -0.4117 0.5643 2.5640
129.1000 -0.4150 0.5657 2.7101
129.2000 -0.4208 0.5683 2.7101
129.3000 -0.4267 0.5710 2.7101
129.4000 -0.4325 0.5737 2.7101
129.5000 -0.4368 0.5749 2.8317
129.6000 -0.4412 0.5755 2.9532
129.7000 -0.4457 0.5755 3.0747
129.8000 -0.4503 0.5750 3.1962
129.9000 -0.4567 0.5746 3.1962
130.0000 -0.4631 0.5743 3.1962
130.1000 -0.4695 0.5739 3.1962
130.2000 -0.4760 0.5736 3.1962
130.3000 -0.4824 0.5732 3.1962
130.4000 -0.4888 0.5729 3.1962
130.5000 -0.4953 0.5725 3.1962
130.6000 -0.5017 0.5721 3.1962
130.7000 -0.5081 0.5718 3.1962
130.8000 -0.5146 0.5714 3.1962
130.9000 -0.5210 0.5711 3.1962
131.0000 -0.5274 0.5707 3.1962
131.1000 -0.5339 0.5704 3.1962
131.2000 -0.5403 0.5700 3.1962
131.3000 -0.5467 0.5697 3.1962
131.4000 -0.5531 0.5693 3.1962
131.5000 -0.5596 0.5690 3.1962
131.6000 -0.5660 0.5686 3.1962
131.7000 -0.5666 0.5684 3.4249
131.8000 -0.5728 0.5666 3.4249
131.9000 -0.5790 0.5648 3.4249
132.0000 -0.5851 0.5630 3.4249
132.1000 -0.5913 0.5612 3.4249
132.2000 -0.5942 0.5596 3.5896
132.3000 -0.5971 0.5575 3.7494
132.4000 -0.5992 0.5554 3.9250
132.5000 -0.6037 0.5508 3.9250
132.6000 -0.6083 0.5463 3.9250
132.7000 -0.6129 0.5418 3.9250
132.8000 -0.6152 0.5387 4.0772
132.9000 -0.6173 0.5351 4.2180
133.0000 -0.6190 0.5310 4.3509
133.1000 -0.6213 0.5250 4.3509
133.2000 -0.6236 0.5190 4.3509
133.3000 -0.6259 0.5129 4.3509
133.4000 -0.6282 0.5069 4.3509
133.5000 -0.6304 0.5009 4.3509
133.6000 -0.6327 0.4949 4.3509
133.7000 -0.6350 0.4888 4.3509
133.8000 -0.6373 0.4828 4.3509
133.9000 -0.6395 0.4768 4.3509
134.0000 -0.6418 0.4708 4.3509
134.1000 -0.6441 0.4647 4.3509
134.2000 -0.6453 0.4625 4.1754
134.3000 -0.6468 0.4607 3.9949
134.4000 -0.6510 0.4559 3.9949
134.5000 -0.6552 0.4510 3.9949
134.6000 -0.6595 0.4462 3.9949
134.7000 -0.6637 0.4413 3.9949
134.8000 -0.6679 0.4365 3.9949
134.9000 -0.6722 0.4316 3.9949
135.0000 -0.6764 0.4268 3.9949
135.1000 -0.6796 0.4239 3.8733
135.2000 -0.6832 0.4215 3.7518
135.3000 -0.6870 0.4196 3.6303
135.4000 -0.6912 0.4182 3.5088
135.5000 -0.6953 0.4158 3.6303
135.6000 -0.7010 0.4128 3.6303
135.7000 -0.7067 0.4098 3.6303
135.8000 -0.7124 0.4068 3.6303
135.9000 -0.7181 0.4037 3.6303
136.0000 -0.7238 0.4007 3.6303
136.1000 -0.7294 0.3977 3.6303
136.2000 -0.7351 0.3947 3.6303
136.3000 -0.7408 0.3916 3.6303
136.4000 -0.7465 0.3886 3.6303
136.5000 -0.7522 0.3856 3.6303
136.6000 -0.7579 0.3826 3.6303
136.7000 -0.7636 0.3795 3.6303
136.8000 -0.7692 0.3765 3.6303
136.9000 -0.7749 0.3735 3.6303
137.0000 -0.7806 0.3705 3.6303
137.1000 -0.7863 0.3674 3.6303
137.2000 -0.7920 0.3644 3.6303
137.3000 -0.7977 0.3614 3.6303
137.4000 -0.8034 0.3584 3.6303
137.5000 -0.8091 0.3554 3.6303
137.6000 -0.8147 0.3523 3.6303
137.7000 -0.8204 0.3493 3.6303
137.8000 -0.8261 0.3463 3.6303
137.9000 -0.8318 0.3433 3.6303
138.0000 -0.8375 0.3402 3.6303
138.1000 -0.8432 0.3372 3.6303
138.2000 -0.8489 0.3342 3.6303
138.3000 -0.8545 0.3312 3.6303
138.4000 -0.8602 0.3281 3.6303
138.5000 -0.8659 0.3251 3.6303
138.6000 -0.8716 0.3221 3.6303
138.7000 -0.8773 0.3191 3.6303
138.8000 -0.8830 0.3160 3.6303
138.9000 -0.8887 0.3130 3.6303
139.0000 -0.8943 0.3100 3.6303
139.1000 -0.9000 0.3070 3.6303
139.2000 -0.9057 0.3039 3.6303
139.3000 -0.9114 0.3009 3.6303
139.4000 -0.9171 0.2979 3.6303
139.5000 -0.9228 0.2949 3.6303
139.6000 -0.9285 0.2919 3.6303
139.7000 -0.9342 0.2888 3.6303
139.8000 -0.9398 0.2858 3.6303
139.9000 -0.9455 0.2828 3.6303
140.0000 -0.9512 0.2798 3.6303
140.1000 -0.9569 0.2767 3.6303
140.2000 -0.9626 0.2737 3.6303
140.3000 -0.9683 0.2707 3.6303
140.4000 -0.9740 0.2677 3.6303
140.5000 -0.9796 0.2646 3.6303
140.6000 -0.9853 0.2616 3.6303
140.7000 -0.9910 0.2586 3.6303
140.8000 -0.9967 0.2556 3.6303
140.9000 -1.0024 0.2525 3.6303
141.0000 -1.0081 0.2495 3.6303
141.1000 -1.0138 0.2465 3.6303
141.2000 -1.0194 0.2435 3.6303
141.3000 -1.0251 0.2405 3.6303
141.4000 -1.0308 0.2374 3.6303
141.5000 -1.0365 0.2344 3.6303
141.6000 -1.0422 0.2314 3.6303
141.7000 -1.0479 0.2284 3.6303
141.8000 -1.0536 0.2253 3.6303
141.9000 -1.0593 0.2223 3.6303
142.0000 -1.0649 0.2193 3.6303
142.1000 -1.0706 0.2163 3.6303
142.2000 -1.0763 0.2132 3.6303
142.3000 -1.0820 0.2102 3.6303
142.4000 -1.0877 0.2072 3.6303
142.5000 -1.0934 0.2042 3.6303
142.6000 -1.0991 0.2011 3.6303
142.7000 -1.1047 0.1981 3.6303
142.8000 -1.1104 0.1951 3.6303
142.9000 -1.1161 0.1921 3.6303
143.0000 -1.1218 0.1890 3.6303
143.1000 -1.1275 0.1860 3.6303
143.2000 -1.1332 0.1830 3.6303
143.3000 -1.1389 0.1800 3.6303
143.4000 -1.1445 0.1770 3.6303
143.5000 -1.1502 0.1739 3.6303
143.6000 -1.1559 0.1709 3.6303
143.7000 -1.1616 0.1679 3.6303
143.8000 -1.1623 0.1672 3.8525
143.9000 -1.1628 0.1666 4.0771
144.0000 -1.1643 0.1639 4.2505
144.1000 -1.1656 0.1605 4.4061
144.2000 -1.1661 0.1580 4.5864
144.3000 -1.1662 0.1553 4.7636
144.4000 -1.1658 0.1516 4.9095
144.5000 -1.1648 0.1483 5.0605
144.6000 -1.1635 0.1458 5.2291
144.7000 -1.1604 0.1402 5.2291
144.8000 -1.1572 0.1346 5.2291
144.9000 -1.1540 0.1290 5.2291
145.0000 -1.1524 0.1270 5.4036
145.1000 -1.1483 0.1220 5.4036
145.2000 -1.1442 0.1171 5.4036
145.3000 -1.1401 0.1121 5.4036
145.4000 -1.1360 0.1071 5.4036
145.5000 -1.1356 0.1068 5.6327
145.6000 -1.1336 0.1060 5.8176
145.7000 -1.1313 0.1055 5.9993
145.8000 -1.1285 0.1054 6.1721
145.9000 -1.1252 0.1058 0.0473
146.0000 -1.1220 0.1067 0.2101
146.1000 -1.1189 0.1082 0.3704
146.2000 -1.1146 0.1106 0.4886
146.3000 -1.1102 0.1137 0.5870
146.4000 -1.1061 0.1171 0.6888
146.5000 -1.1024 0.1209 0.7921
146.6000 -1.0991 0.1250 0.8983
146.7000 -1.0951 0.1300 0.8983
146.8000 -1.0910 0.1351 0.8983
146.9000 -1.0870 0.1401 0.8983
147.0000 -1.0830 0.1452 0.8983
147.1000 -1.0790 0.1502 0.8983
147.2000 -1.0750 0.1552 0.8983
147.3000 -1.0710 0.1603 0.8983
147.4000 -1.0670 0.1653 0.8983
147.5000 -1.0630 0.1704 0.8983
147.6000 -1.0589 0.1754 0.8983
147.7000 -1.0549 0.1804 0.8983
147.8000 -1.0509 0.1855 0.8983
147.9000 -1.0469 0.1905 0.8983
148.0000 -1.0429 0.1955 0.8983
148.1000 -1.0389 0.2006 0.8983
148.2000 -1.0349 0.2056 0.8983
148.3000 -1.0309 0.2107 0.8983
148.4000 -1.0268 0.2157 0.8983
148.5000 -1.0228 0.2207 0.8983
148.6000 -1.0188 0.2258 0.8983
148.7000 -1.0148 0.2308 0.8983
148.8000 -1.0108 0.2358 0.8983
148.9000 -1.0068 0.2409 0.8983
149.0000 -1.0028 0.2459 0.8983
149.1000 -0.9988 0.2510 0.8983
149.2000 -0.9948 0.2560 0.8983
149.3000 -0.9907 0.2610 0.8983
149.4000 -0.9867 0.2661 0.8983
149.5000 -0.9827 0.2711 0.8983
149.6000 -0.9787 0.2761 0.8983
149.7000 -0.9747 0.2812 0.8983
149.8000 -0.9707 0.2862 0.8983
149.9000 -0.9667 0.2913 0.8983
150.0000 -0.9627 0.2963 0.8983
150.1000 -0.9586 0.3013 0.8983
150.2000 -0.9546 0.3064 0.8983
150.3000 -0.9506 0.3114 0.8983
150.4000 -0.9466 0.3165 0.8983
150.5000 -0.9426 0.3215 0.8983
150.6000 -0.9386 0.3265 0.8983
150.7000 -0.9346 0.3316 0.8983
150.8000 -0.9306 0.3366 0.8983
150.9000 -0.9265 0.3416 0.8983
151.0000 -0.9225 0.3467 0.8983
151.1000 -0.9185 0.3517 0.8983
151.2000 -0.9145 0.3568 0.8983
151.3000 -0.9105 0.3618 0.8983
151.4000 -0.9065 0.3668 0.8983
151.5000 -0.9025 0.3719 0.8983
151.6000 -0.8985 0.3769 0.8983
151.7000 -0.8945 0.3819 0.8983
151.8000 -0.8904 0.3870 0.8983
151.9000 -0.8864 0.3920 0.8983
152.0000 -0.8824 0.3971 0.8983
152.1000 -0.8784 0.4021 0.8983
152.2000 -0.8744 0.4071 0.8983
152.3000 -0.8704 0.4122 0.8983
152.4000 -0.8690 0.4133 0.7022
152.5000 -0.8664 0.4148 0.5409
152.6000 -0.8633 0.4158 0.3869
152.7000 -0.8598 0.4164 0.2373
152.8000 -0.8561 0.4165 0.0919
152.9000 -0.8515 0.4161 6.2536
153.0000 -0.8470 0.4152 6.1320
153.1000 -0.8426 0.4137 6.0072
153.2000 -0.8380 0.4116 5.8991
153.3000 -0.8320 0.4092 5.8991
153.4000 -0.8260 0.4067 5.8991
153.5000 -0.8200 0.4043 5.8991
153.6000 -0.8141 0.4019 5.8991
153.7000 -0.8081 0.3995 5.8991
153.8000 -0.8021 0.3971 5.8991
153.9000 -0.7962 0.3947 5.8991
154.0000 -0.7902 0.3923 5.8991
154.1000 -0.7842 0.3898 5.8991
154.2000 -0.7783 0.3874 5.8991
154.3000 -0.7723 0.3850 5.8991
154.4000 -0.7663 0.3826 5.8991
154.5000 -0.7603 0.3802 5.8991
154.6000 -0.7544 0.3778 5.8991
154.7000 -0.7484 0.3754 5.8991
154.8000 -0.7475 0.3753 6.1191
154.9000 -0.7465 0.3755 0.0560
155.0000 -0.7401 0.3758 0.0560
155.1000 -0.7337 0.3762 0.0560
155.2000 -0.7272 0.3765 0.0560
155.3000 -0.7246 0.3774 0.2315
155.4000 -0.7230 0.3783 0.4341
155.5000 -0.7214 0.3795 0.6337
155.6000 -0.7163 0.3833 0.6337
155.7000 -0.7111 0.3871 0.6337
155.8000 -0.7076 0.3904 0.7552
155.9000 -0.7045 0.3941 0.8767
156.0000 -0.7019 0.3979 1.0078
156.1000 -0.7008 0.4003 1.1905
156.2000 -0.6984 0.4063 1.1905
156.3000 -0.6961 0.4122 1.1905
156.4000 -0.6937 0.4182 1.1905
156.5000 -0.6913 0.4242 1.1905
156.6000 -0.6889 0.4302 1.1905
156.7000 -0.6877 0.4324 1.0150
156.8000 -0.6843 0.4379 1.0150
156.9000 -0.6809 0.4433 1.0150
157.0000 -0.6775 0.4488 1.0150
157.1000 -0.6741 0.4543 1.0150
157.2000 -0.6707 0.4598 1.0150
157.3000 -0.6673 0.4652 1.0150
157.4000 -0.6639 0.4707 1.0150
157.5000 -0.6605 0.4762 1.0150
157.6000 -0.6571 0.4816 1.0150
157.7000 -0.6537 0.4871 1.0150
157.8000 -0.6503 0.4926 1.0150
157.9000 -0.6469 0.4980 1.0150
158.0000 -0.6442 0.5014 0.8934
158.1000 -0.6412 0.5044 0.7719
158.2000 -0.6377 0.5070 0.6504
158.3000 -0.6339 0.5091 0.5289
158.4000 -0.6284 0.5123 0.5289
158.5000 -0.6228 0.5156 0.5289
158.6000 -0.6173 0.5188 0.5289
158.7000 -0.6117 0.5221 0.5289
158.8000 -0.6061 0.5253 0.5289
158.9000 -0.6006 0.5286 0.5289
159.0000 -0.5950 0.5318 0.5289
159.1000 -0.5895 0.5351 0.5289
159.2000 -0.5839 0.5383 0.5289
159.3000 -0.5783 0.5416 0.5289
159.4000 -0.5728 0.5448 0.5289
159.5000 -0.5672 0.5481 0.5289
159.6000 -0.5617 0.5513 0.5289
159.7000 -0.5561 0.5546 0.5289
159.8000 -0.5505 0.5578 0.5289
159.9000 -0.5450 0.5611 0.5289
160.0000 -0.5394 0.5643 0.5289
160.1000 -0.5339 0.5676 0.5289
160.2000 -0.5283 0.5708 0.5289
160.3000 -0.5227 0.5741 0.5289
160.4000 -0.5172 0.5773 0.5289
160.5000 -0.5116 0.5806 0.5289
160.6000 -0.5061 0.5838 0.5289
160.7000 -0.5005 0.5871 0.5289
160.8000 -0.4949 0.5903 0.5289
160.9000 -0.4894 0.5936 0.5289
161.0000 -0.4838 0.5968 0.5289
161.1000 -0.4783 0.6001 0.5289
161.2000 -0.4764 0.6006 0.3359
161.3000 -0.4740 0.6007 0.1534
161.4000 -0.4713 0.6004 6.2610
161.5000 -0.4649 0.6003 6.2610
161.6000 -0.4584 0.6001 6.2610
161.7000 -0.4520 0.6000 6.2610
161.8000 -0.4481 0.5991 6.1191
161.9000 -0.4441 0.5976 5.9836
162.0000 -0.4398 0.5955 5.8621
162.1000 -0.4358 0.5929 5.7406
162.2000 -0.4321 0.5898 5.6191
162.3000 -0.4270 0.5859 5.6191
162.4000 -0.4219 0.5819 5.6191
162.5000 -0.4168 0.5779 5.6191
162.6000 -0.4118 0.5740 5.6191
162.7000 -0.4067 0.5700 5.6191
162.8000 -0.4016 0.5660 5.6191
162.9000 -0.3966 0.5620 5.6191
163.0000 -0.3915 0.5581 5.6191
163.1000 -0.3864 0.5541 5.6191
163.2000 -0.3813 0.5501 5.6191
163.3000 -0.3763 0.5462 5.6191
163.4000 -0.3712 0.5422 5.6191
163.5000 -0.3661 0.5382 5.6191
163.6000 -0.3611 0.5343 5.6191
163.7000 -0.3560 0.5303 5.6191
163.8000 -0.3509 0.5263 5.6191
163.9000 -0.3458 0.5224 5.6191
164.0000 -0.3408 0.5184 5.6191
164.1000 -0.3381 0.5155 5.4689
164.2000 -0.3357 0.5122 5.3248
164.3000 -0.3336 0.5086 5.1832
164.4000 -0.3321 0.5048 5.0391
164.5000 -0.3310 0.5003 4.9160
164.6000 -0.3303 0.4957 4.7942
164.7000 -0.3302 0.4912 4.6722
164.8000 -0.3307 0.4867 4.5507
164.9000 -0.3316 0.4827 4.4211
165.0000 -0.3335 0.4765 4.4211
165.1000 -0.3353 0.4703 4.4211
165.2000 -0.3372 0.4641 4.4211
165.3000 -0.3390 0.4580 4.4211
165.4000 -0.3409 0.4518 4.4211
165.5000 -0.3427 0.4456 4.4211
165.6000 -0.3429 0.4447 4.6411
165.7000 -0.3434 0.4382 4.6411
165.8000 -0.3438 0.4318 4.6411
165.9000 -0.3443 0.4254 4.6411
166.0000 -0.3447 0.4190 4.6411
166.1000 -0.3452 0.4125 4.6411
166.2000 -0.3452 0.4098 4.8167
166.3000 -0.3446 0.4073 4.9922
166.4000 -0.3446 0.4069 4.7574
166.5000 -0.3442 0.4043 4.9329
166.6000 -0.3441 0.4039 5.1656
166.7000 -0.3413 0.3981 5.1656
166.8000 -0.3384 0.3923 5.1656
166.9000 -0.3356 0.3865 5.1656
167.0000 -0.3328 0.3807 5.1656
167.1000 -0.3306 0.3771 5.2872
167.2000 -0.3279 0.3737 5.4087
167.3000 -0.3247 0.3708 5.5302
167.4000 -0.3212 0.3683 5.6517
167.5000 -0.3160 0.3645 5.6517
167.6000 -0.3108 0.3607 5.6517
167.7000 -0.3056 0.3569 5.6517
167.8000 -0.3004 0.3531 5.6517
167.9000 -0.2952 0.3493 5.6517
168.0000 -0.2900 0.3455 5.6517
168.1000 -0.2849 0.3417 5.6517
168.2000 -0.2797 0.3379 5.6517
168.3000 -0.2745 0.3341 5.6517
168.4000 -0.2693 0.3303 5.6517
168.5000 -0.2641 0.3265 5.6517
168.6000 -0.2606 0.3232 5.5302
168.7000 -0.2574 0.3195 5.4087
168.8000 -0.2533 0.3145 5.4087
168.9000 -0.2492 0.3096 5.4087
169.0000 -0.2450 0.3046 5.4087
169.1000 -0.2409 0.2997 5.4087
169.2000 -0.2368 0.2948 5.4087
169.3000 -0.2326 0.2898 5.4087
169.4000 -0.2285 0.2849 5.4087
169.5000 -0.2244 0.2799 5.4087
169.6000 -0.2203 0.2750 5.4087
169.7000 -0.2161 0.2701 5.4087
169.8000 -0.2120 0.2651 5.4087
169.9000 -0.2079 0.2602 5.4087
170.0000 -0.2037 0.2552 5.4087
170.1000 -0.1996 0.2503 5.4087
170.2000 -0.1955 0.2454 5.4087
170.3000 -0.1913 0.2404 5.4087
170.4000 -0.1898 0.2379 5.2332
170.5000 -0.1886 0.2352 5.0576
170.6000 -0.1865 0.2292 5.0576
170.7000 -0.1843 0.2231 5.0576
170.8000 -0.1821 0.2171 5.0576
170.9000 -0.1806 0.2119 4.9621
171.0000 -0.1796 0.2068 4.8597
171.1000 -0.1791 0.2019 4.7488
171.2000 -0.1792 0.1974 4.6272
171.3000 -0.1799 0.1930 4.5057
171.4000 -0.1811 0.1887 4.3842
171.5000 -0.1832 0.1826 4.3842
171.6000 -0.1852 0.1765 4.3842
171.7000 -0.1873 0.1704 4.3842
171.8000 -0.1894 0.1643 4.3842
171.9000 -0.1915 0.1582 4.3842
172.0000 -0.1935 0.1522 4.3842
172.1000 -0.1956 0.1461 4.3842
172.2000 -0.1977 0.1400 4.3842
172.3000 -0.1998 0.1339 4.3842
172.4000 -0.2019 0.1278 4.3842
172.5000 -0.2039 0.1217 4.3842
172.6000 -0.2060 0.1156 4.3842
172.7000 -0.2081 0.1095 4.3842
172.8000 -0.2102 0.1034 4.3842
172.9000 -0.2122 0.0973 4.3842
173.0000 -0.2143 0.0912 4.3842
173.1000 -0.2164 0.0851 4.3842
173.2000 -0.2185 0.0790 4.3842
173.3000 -0.2205 0.0729 4.3842
173.4000 -0.2226 0.0668 4.3842
173.5000 -0.2247 0.0607 4.3842
173.6000 -0.2268 0.0546 4.3842
173.7000 -0.2288 0.0485 4.3842
173.8000 -0.2309 0.0424 4.3842
173.9000 -0.2330 0.0363 4.3842
174.0000 -0.2351 0.0302 4.3842
174.1000 -0.2371 0.0241 4.3842
174.2000 -0.2392 0.0180 4.3842
174.3000 -0.2413 0.0119 4.3842
174.4000 -0.2434 0.0058 4.3842
174.5000 -0.2454 -0.0003 4.3842
174.6000 -0.2475 -0.0064 4.3842
174.7000 -0.2496 -0.0125 4.3842
174.8000 -0.2517 -0.0186 4.3842
174.9000 -0.2537 -0.0246 4.3842
175.0000 -0.2558 -0.0307 4.3842
175.1000 -0.2579 -0.0368 4.3842
175.2000 -0.2600 -0.0429 4.3842
175.3000 -0.2621 -0.0490 4.3842
175.4000 -0.2641 -0.0551 4.3842
175.5000 -0.2662 -0.0612 4.3842
175.6000 -0.2683 -0.0673 4.3842
175.7000 -0.2704 -0.0734 4.3842
175.8000 -0.2724 -0.0795 4.3842
175.9000 -0.2745 -0.0856 4.3842
176.0000 -0.2766 -0.0917 4.3842
176.1000 -0.2787 -0.0978 4.3842
176.2000 -0.2807 -0.1039 4.3842
176.3000 -0.2828 -0.1100 4.3842
176.4000 -0.2849 -0.1161 4.3842
176.5000 -0.2870 -0.1222 4.3842
176.6000 -0.2890 -0.1283 4.3842
176.7000 -0.2911 -0.1344 4.3842
176.8000 -0.2932 -0.1405 4.3842
176.9000 -0.2953 -0.1466 4.3842
177.0000 -0.2973 -0.1527 4.3842
177.1000 -0.2994 -0.1588 4.3842
177.2000 -0.3015 -0.1649 4.3842
177.3000 -0.3036 -0.1710 4.3842
177.4000 -0.3056 -0.1771 4.3842
177.5000 -0.3077 -0.1832 4.3842
177.6000 -0.3098 -0.1893 4.3842
177.7000 -0.3119 -0.1954 4.3842
177.8000 -0.3139 -0.2014 4.3842
177.9000 -0.3160 -0.2075 4.3842
178.0000 -0.3181 -0.2136 4.3842
178.1000 -0.3202 -0.2197 4.3842
178.2000 -0.3222 -0.2258 4.3842
178.3000 -0.3243 -0.2319 4.3842
178.4000 -0.3264 -0.2380 4.3842
178.5000 -0.3285 -0.2441 4.3842
178.6000 -0.3306 -0.2502 4.3842
178.7000 -0.3326 -0.2563 4.3842
178.8000 -0.3328 -0.2566 4.1497
178.9000 -0.3362 -0.2620 4.1497
179.0000 -0.3368 -0.2627 3.9296
179.1000 -0.3383 -0.2636 3.7353
179.2000 -0.3403 -0.2643 3.5464
179.3000 -0.3429 -0.2647 3.3708
179.4000 -0.3491 -0.2662 3.3708
179.5000 -0.3529 -0.2662 3.2254
179.6000 -0.3568 -0.2657 3.0842
179.7000 -0.3610 -0.2647 2.9518
179.8000 -0.3654 -0.2630 2.8303
179.9000 -0.3715 -0.2610 2.8303
180.0000 -0.3777 -0.2591 2.8303
180.1000 -0.3838 -0.2571 2.8303
180.2000 -0.3899 -0.2551 2.8303
180.3000 -0.3961 -0.2531 2.8303
180.4000 -0.4022 -0.2512 2.8303
180.5000 -0.4083 -0.2492 2.8303
180.6000 -0.4145 -0.2472 2.8303
180.7000 -0.4206 -0.2452 2.8303
180.8000 -0.4267 -0.2433 2.8303
180.9000 -0.4328 -0.2413 2.8303
181.0000 -0.4390 -0.2393 2.8303
181.1000 -0.4451 -0.2374 2.8303
181.2000 -0.4512 -0.2354 2.8303
181.3000 -0.4574 -0.2334 2.8303
181.4000 -0.4635 -0.2314 2.8303
181.5000 -0.4696 -0.2295 2.8303
181.6000 -0.4758 -0.2275 2.8303
181.7000 -0.4819 -0.2255 2.8303
181.8000 -0.4880 -0.2235 2.8303
181.9000 -0.4942 -0.2216 2.8303
182.0000 -0.5003 -0.2196 2.8303
182.1000 -0.5064 -0.2176 2.8303
182.2000 -0.5125 -0.2157 2.8303
182.3000 -0.5187 -0.2137 2.8303
182.4000 -0.5248 -0.2117 2.8303
182.5000 -0.5309 -0.2097 2.8303
182.6000 -0.5371 -0.2078 2.8303
182.7000 -0.5432 -0.2058 2.8303
182.8000 -0.5493 -0.2038 2.8303
182.9000 -0.5555 -0.2018 2.8303
183.0000 -0.5616 -0.1999 2.8303
183.1000 -0.5677 -0.1979 2.8303
183.2000 -0.5739 -0.1959 2.8303
183.3000 -0.5800 -0.1940 2.8303
183.4000 -0.5861 -0.1920 2.8303
183.5000 -0.5922 -0.1900 2.8303
183.6000 -0.5932 -0.1900 3.0504
183.7000 -0.5941 -0.1903 3.2705
183.8000 -0.6005 -0.1911 3.2705
183.9000 -0.6069 -0.1919 3.2705
184.0000 -0.6087 -0.1927 3.4680
184.1000 -0.6111 -0.1942 3.6468
184.2000 -0.6133 -0.1961 3.8223
184.3000 -0.6184 -0.2001 3.8223
184.4000 -0.6234 -0.2042 3.8223
184.5000 -0.6284 -0.2082 3.8223
184.6000 -0.6317 -0.2117 3.9438
184.7000 -0.6345 -0.2154 4.0719
184.8000 -0.6367 -0.2191 4.2107
184.9000 -0.6384 -0.2230 4.3458
185.0000 -0.6408 -0.2291 4.3458
185.1000 -0.6431 -0.2351 4.3458
185.2000 -0.6454 -0.2411 4.3458
185.3000 -0.6477 -0.2471 4.3458
185.4000 -0.6500 -0.2531 4.3458
185.5000 -0.6523 -0.2591 4.3458
185.6000 -0.6546 -0.2651 4.3458
185.7000 -0.6569 -0.2711 4.3458
185.8000 -0.6592 -0.2772 4.3458
185.9000 -0.6615 -0.2832 4.3458
186.0000 -0.6621 -0.2841 4.1320
186.1000 -0.6656 -0.2895 4.1320
186.2000 -0.6691 -0.2949 4.1320
186.3000 -0.6727 -0.3003 4.1320
186.4000 -0.6762 -0.3057 4.1320
186.5000 -0.6797 -0.3111 4.1320
186.6000 -0.6833 -0.3164 4.1320
186.7000 -0.6868 -0.3218 4.1320
186.8000 -0.6903 -0.3272 4.1320
186.9000 -0.6910 -0.3279 3.9145
187.0000 -0.6928 -0.3290 3.7278
187.1000 -0.6945 -0.3296 3.5331
187.2000 -0.6954 -0.3296 3.3128
187.3000 -0.6981 -0.3294 3.1367
187.4000 -0.7007 -0.3287 2.9569
187.5000 -0.7042 -0.3272 2.8081
187.6000 -0.7091 -0.3248 2.7115
187.7000 -0.7131 -0.3222 2.5908
187.8000 -0.7163 -0.3194 2.4488
187.9000 -0.7182 -0.3172 2.2733
188.0000 -0.7190 -0.3158 2.0650
188.1000 -0.7195 -0.3153 2.2898
188.2000 -0.7203 -0.3140 2.0815
188.3000 -0.7207 -0.3135 2.3088
188.4000 -0.7216 -0.3121 2.1025
188.5000 -0.7218 -0.3118 2.3344
188.6000 -0.7228 -0.3104 2.1300
188.7000 -0.7231 -0.3101 2.3605
188.8000 -0.7242 -0.3086 2.1581
188.9000 -0.7246 -0.3082 2.3871
189.0000 -0.7257 -0.3067 2.1864
189.1000 -0.7261 -0.3063 2.4136
189.2000 -0.7273 -0.3047 2.2130
189.3000 -0.7278 -0.3043 2.4385
189.4000 -0.7291 -0.3027 2.2413
189.5000 -0.7297 -0.3023 2.4649
189.6000 -0.7310 -0.3007 2.2677
189.7000 -0.7317 -0.3002 2.4881
189.8000 -0.7331 -0.2986 2.2927
189.9000 -0.7338 -0.2981 2.5128
190.0000 -0.7344 -0.2975 2.2877
190.1000 -0.7351 -0.2970 2.5082
190.2000 -0.7355 -0.2965 2.2796
190.3000 -0.7362 -0.2960 2.5011
190.4000 -0.7367 -0.2954 2.2765
190.5000 -0.7373 -0.2949 2.4990
190.6000 -0.7377 -0.2945 2.2670
190.7000 -0.7382 -0.2941 2.4913
190.8000 -0.7388 -0.2935 2.2673
190.9000 -0.7393 -0.2931 2.4924
191.0000 -0.7394 -0.2930 2.2523
191.1000 -0.7399 -0.2926 2.4790
191.2000 -0.7410 -0.2914 2.2717
191.3000 -0.7415 -0.2910 2.4976
191.4000 -0.7422 -0.2908 2.7218
191.5000 -0.7422 -0.2907 2.4794
191.6000 -0.7422 -0.2907 2.7215
191.7000 -0.7422 -0.2907 2.4790
191.8000 -0.7423 -0.2907 2.7211
191.9000 -0.7423 -0.2907 2.4787
192.0000 -0.7423 -0.2907 2.2360
192.1000 -0.7427 -0.2904 2.4655
192.2000 -0.7435 -0.2893 2.2515
192.3000 -0.7440 -0.2890 2.4797
192.4000 -0.7447 -0.2887 2.7035
192.5000 -0.7450 -0.2887 2.9391
192.6000 -0.7471 -0.2876 2.7524
192.7000 -0.7472 -0.2876 2.5106
192.8000 -0.7481 -0.2873 2.7289
192.9000 -0.7483 -0.2873 2.9660
193.0000 -0.7499 -0.2865 2.7629
193.1000 -0.7499 -0.2865 3.0056
193.2000 -0.7512 -0.2859 2.7943
193.3000 -0.7514 -0.2857 2.5571
193.4000 -0.7522 -0.2855 2.7776
193.5000 -0.7522 -0.2855 2.5348
193.6000 -0.7531 -0.2852 2.7542
193.7000 -0.7533 -0.2852 2.9917
193.8000 -0.7545 -0.2847 2.7773
193.9000 -0.7545 -0.2847 3.0196
194.0000 -0.7555 -0.2842 2.8009
194.1000 -0.7556 -0.2841 2.5606
194.2000 -0.7564 -0.2839 2.7800
194.3000 -0.7566 -0.2839 3.0188
194.4000 -0.7576 -0.2834 2.8002
194.5000 -0.7576 -0.2834 2.5580
194.6000 -0.7585 -0.2832 2.7768
194.7000 -0.7588 -0.2831 3.0134
194.8000 -0.7595 -0.2828 2.7890
194.9000 -0.7597 -0.2828 3.0274
195.0000 -0.7605 -0.2825 2.8030
195.1000 -0.7606 -0.2825 3.0428
195.2000 -0.7614 -0.2821 2.8183
195.3000 -0.7614 -0.2821 3.0597
195.4000 -0.7646 -0.2826 3.2230
195.5000 -0.7659 -0.2832 3.4337
195.6000 -0.7683 -0.2846 3.6130
195.7000 -0.7698 -0.2858 3.8130
195.8000 -0.7700 -0.2859 3.5763
195.9000 -0.7716 -0.2871 3.7740
196.0000 -0.7716 -0.2872 3.5317
196.1000 -0.7733 -0.2883 3.7294
196.2000 -0.7740 -0.2892 3.9482
196.3000 -0.7751 -0.2898 3.7394
196.4000 -0.7757 -0.2905 3.9638
196.5000 -0.7768 -0.2912 3.7569
196.6000 -0.7770 -0.2913 3.5177
196.7000 -0.7784 -0.2923 3.7206
196.8000 -0.7789 -0.2929 3.9476
196.9000 -0.7800 -0.2935 3.7378
0.0000 -1.3000 -1.3000 0.0000
0.1000 -1.2948 -1.2992 0.0965
0.2000 -1.2893 -1.2980 0.1786
0.3000 -1.2838 -1.2964 0.2567
0.4000 -1.2783 -1.2943 0.3313
0.5000 -1.2729 -1.2919 0.3985
0.6000 -1.2674 -1.2891 0.4588
0.7000 -1.2621 -1.2860 0.5126
0.8000 -1.2568 -1.2826 0.5582
0.9000 -1.2515 -1.2790 0.5949
1.0000 -1.2463 -1.2752 0.6215
1.1000 -1.2412 -1.2713 0.6443
1.2000 -1.2361 -1.2673 0.6673
1.3000 -1.2312 -1.2632 0.6898
1.4000 -1.2263 -1.2590 0.7125
1.5000 -1.2215 -1.2547 0.7339
1.6000 -1.2168 -1.2502 0.7548
1.7000 -1.2122 -1.2457 0.7750
1.8000 -1.2077 -1.2411 0.7944
1.9000 -1.2033 -1.2364 0.8130
2.0000 -1.1989 -1.2317 0.8300
2.1000 -1.1946 -1.2269 0.8452
2.2000 -1.1904 -1.2220 0.8595
2.3000 -1.1862 -1.2170 0.8714
2.4000 -1.1821 -1.2120 0.8817
2.5000 -1.1781 -1.2070 0.8890
2.6000 -1.1740 -1.2020 0.8943
2.7000 -1.1700 -1.1970 0.8986
2.8000 -1.1660 -1.1919 0.9005
2.9000 -1.1620 -1.1869 0.9005
3.0000 -1.1580 -1.1818 0.8984
3.1000 -1.1540 -1.1768 0.8954
3.2000 -1.1499 -1.1718 0.8907
3.3000 -1.1459 -1.1668 0.8877
3.4000 -1.1418 -1.1618 0.8879
3.5000 -1.1378 -1.1568 0.8920
3.6000 -1.1337 -1.1518 0.8973
3.7000 -1.1298 -1.1467 0.9083
3.8000 -1.1258 -1.1415 0.9213
3.9000 -1.1220 -1.1364 0.9357
4.0000 -1.1182 -1.1311 0.9510
4.1000 -1.1146 -1.1258 0.9684
4.2000 -1.1110 -1.1204 0.9896
4.3000 -1.1076 -1.1150 1.0178
4.4000 -1.1044 -1.1095 1.0524
4.5000 -1.1014 -1.1039 1.0929
4.6000 -1.0987 -1.0982 1.1334
4.7000 -1.0959 -1.0924 1.1334
4.8000 -1.0932 -1.0865 1.1334
4.9000 -1.0905 -1.0807 1.1334
5.0000 -1.0878 -1.0749 1.1334
5.1000 -1.0850 -1.0690 1.1334
5.2000 -1.0823 -1.0632 1.1334
5.3000 -1.0796 -1.0574 1.1334
5.4000 -1.0769 -1.0515 1.1334
5.5000 -1.0741 -1.0457 1.1334
5.6000 -1.0714 -1.0399 1.1334
5.7000 -1.0687 -1.0340 1.1334
5.8000 -1.0659 -1.0282 1.1334
5.9000 -1.0632 -1.0224 1.1334
6.0000 -1.0605 -1.0165 1.1334
6.1000 -1.0578 -1.0107 1.1334
6.2000 -1.0550 -1.0049 1.1334
6.3000 -1.0523 -0.9990 1.1334
6.4000 -1.0496 -0.9932 1.1334
6.5000 -1.0468 -0.9874 1.1334
6.6000 -1.0441 -0.9815 1.1334
6.7000 -1.0414 -0.9757 1.1334
6.8000 -1.0387 -0.9699 1.1334
6.9000 -1.0359 -0.9640 1.1334
7.0000 -1.0332 -0.9582 1.1334
7.1000 -1.0305 -0.9524 1.1334
7.2000 -1.0277 -0.9465 1.1334
7.3000 -1.0250 -0.9407 1.1334
7.4000 -1.0223 -0.9349 1.1334
7.5000 -1.0196 -0.9290 1.1334
7.6000 -1.0168 -0.9232 1.1334
7.7000 -1.0141 -0.9174 1.1334
7.8000 -1.0114 -0.9115 1.1334
7.9000 -1.0087 -0.9057 1.1334
8.0000 -1.0059 -0.8999 1.1334
8.1000 -1.0032 -0.8940 1.1334
8.2000 -1.0005 -0.8882 1.1334
8.3000 -0.9977 -0.8824 1.1334
8.4000 -0.9950 -0.8765 1.1334
8.5000 -0.9923 -0.8707 1.1334
8.6000 -0.9896 -0.8648 1.1334
8.7000 -0.9868 -0.8590 1.1334
8.8000 -0.9841 -0.8532 1.1334
8.9000 -0.9814 -0.8473 1.1334
9.0000 -0.9786 -0.8415 1.1334
9.1000 -0.9780 -0.8401 1.1334
9.2000 -0.9773 -0.8386 1.1334
9.3000 -0.9766 -0.8371 1.1334
9.4000 -0.9759 -0.8357 1.1334
9.5000 -0.9752 -0.8342 1.1334
9.6000 -0.9746 -0.8328 1.1334
9.7000 -0.9739 -0.8313 1.1334
9.8000 -0.9732 -0.8298 1.1334
9.9000 -0.9725 -0.8284 1.1334
10.0000 -0.9718 -0.8269 1.1334
10.1000 -0.9711 -0.8255 1.1334
10.2000 -0.9705 -0.8240 1.1334
10.3000 -0.9698 -0.8226 1.1334
10.4000 -0.9691 -0.8211 1.1334
10.5000 -0.9684 -0.8196 1.1334
10.6000 -0.9677 -0.8182 1.1334
10.7000 -0.9671 -0.8167 1.1334
10.8000 -0.9664 -0.8153 1.1334
10.9000 -0.9657 -0.8138 1.1334
11.0000 -0.9650 -0.8123 1.1334
11.1000 -0.9643 -0.8109 1.1334
11.2000 -0.9636 -0.8094 1.1334
11.3000 -0.9630 -0.8080 1.1334
11.4000 -0.9623 -0.8065 1.1334
11.5000 -0.9616 -0.8051 1.1334
11.6000 -0.9609 -0.8036 1.1334
11.7000 -0.9602 -0.8021 1.1334
11.8000 -0.9595 -0.8007 1.1334
11.9000 -0.9589 -0.7992 1.1334
12.0000 -0.9582 -0.7978 1.1334
12.1000 -0.9575 -0.7963 1.1334
12.2000 -0.9568 -0.7948 1.1334
12.3000 -0.9561 -0.7934 1.1334
12.4000 -0.9555 -0.7919 1.1334
12.5000 -0.9548 -0.7905 1.1334
12.6000 -0.9541 -0.7890 1.1334
12.7000 -0.9534 -0.7875 1.1334
12.8000 -0.9527 -0.7861 1.1334
12.9000 -0.9520 -0.7846 1.1334
13.0000 -0.9493 -0.7788 1.1334
13.1000 -0.9466 -0.7730 1.1334
13.2000 -0.9439 -0.7671 1.1334
13.3000 -0.9411 -0.7613 1.1334
13.4000 -0.9384 -0.7555 1.1334
13.5000 -0.9357 -0.7496 1.1334
13.6000 -0.9330 -0.7438 1.1334
13.7000 -0.9302 -0.7380 1.1334
13.8000 -0.9275 -0.7321 1.1334
13.9000 -0.9248 -0.7263 1.1334
14.0000 -0.9220 -0.7205 1.1334
14.1000 -0.9193 -0.7146 1.1334
14.2000 -0.9166 -0.7088 1.1334
14.3000 -0.9139 -0.7030 1.1334
14.4000 -0.9111 -0.6971 1.1334
14.5000 -0.9084 -0.6913 1.1334
14.6000 -0.9057 -0.6855 1.1334
14.7000 -0.9029 -0.6796 1.1334
14.8000 -0.9002 -0.6738 1.1334
14.9000 -0.8975 -0.6680 1.1334
15.0000 -0.8948 -0.6621 1.1334
15.1000 -0.8920 -0.6563 1.1334
15.2000 -0.8893 -0.6505 1.1334
15.3000 -0.8866 -0.6446 1.1334
15.4000 -0.8838 -0.6388 1.1334
15.5000 -0.8811 -0.6329 1.1334
15.6000 -0.8784 -0.6271 1.1334
15.7000 -0.8757 -0.6213 1.1334
15.8000 -0.8729 -0.6154 1.1334
15.9000 -0.8702 -0.6096 1.1334
16.0000 -0.8675 -0.6038 1.1334
16.1000 -0.8648 -0.5979 1.1334
16.2000 -0.8620 -0.5921 1.1334
16.3000 -0.8593 -0.5863 1.1334
16.4000 -0.8566 -0.5804 1.1334
16.5000 -0.8538 -0.5746 1.1334
16.6000 -0.8511 -0.5688 1.1334
16.7000 -0.8484 -0.5629 1.1334
16.8000 -0.8457 -0.5571 1.1334
16.9000 -0.8429 -0.5513 1.1334
17.0000 -0.8402 -0.5454 1.1334
17.1000 -0.8393 -0.5427 1.3089
17.2000 -0.8376 -0.5365 1.3089
17.3000 -0.8359 -0.5303 1.3089
17.4000 -0.8350 -0.5257 1.4304
17.5000 -0.8347 -0.5211 1.5520
17.6000 -0.8349 -0.5166 1.6735
17.7000 -0.8356 -0.5122 1.7950
17.8000 -0.8369 -0.5080 1.9165
17.9000 -0.8391 -0.5019 1.9165
18.0000 -0.8412 -0.4959 1.9165
18.1000 -0.8434 -0.4898 1.9165
18.2000 -0.8456 -0.4838 1.9165
18.3000 -0.8478 -0.4777 1.9165
18.4000 -0.8500 -0.4716 1.9165
18.5000 -0.8522 -0.4656 1.9165
18.6000 -0.8543 -0.4595 1.9165
18.7000 -0.8565 -0.4535 1.9165
18.8000 -0.8587 -0.4474 1.9165
18.9000 -0.8609 -0.4413 1.9165
19.0000 -0.8631 -0.4353 1.9165
19.1000 -0.8652 -0.4292 1.9165
19.2000 -0.8674 -0.4232 1.9165
19.3000 -0.8696 -0.4171 1.9165
19.4000 -0.8718 -0.4110 1.9165
19.5000 -0.8740 -0.4050 1.9165
19.6000 -0.8762 -0.3989 1.9165
19.7000 -0.8766 -0.3982 2.1366
19.8000 -0.8800 -0.3927 2.1366
19.9000 -0.8835 -0.3873 2.1366
20.0000 -0.8846 -0.3861 2.3344
20.1000 -0.8864 -0.3849 2.5206
20.2000 -0.8887 -0.3839 2.6961
20.3000 -0.8919 -0.3832 2.8536
20.4000 -0.8956 -0.3829 2.9979
20.5000 -0.9000 -0.3831 3.1237
20.6000 -0.9046 -0.3838 3.2452
20.7000 -0.9091 -0.3851 3.3667
20.8000 -0.9134 -0.3869 3.4882
20.9000 -0.9195 -0.3891 3.4882
21.0000 -0.9255 -0.3913 3.4882
21.1000 -0.9316 -0.3935 3.4882
21.2000 -0.9376 -0.3957 3.4882
21.3000 -0.9437 -0.3979 3.4882
21.4000 -0.9498 -0.4001 3.4882
21.5000 -0.9558 -0.4023 3.4882
21.6000 -0.9619 -0.4044 3.4882
21.7000 -0.9679 -0.4066 3.4882
21.8000 -0.9740 -0.4088 3.4882
21.9000 -0.9800 -0.4110 3.4882
22.0000 -0.9861 -0.4132 3.4882
22.1000 -0.9922 -0.4154 3.4882
22.2000 -0.9982 -0.4176 3.4882
22.3000 -1.0043 -0.4198 3.4882
22.4000 -1.0103 -0.4219 3.4882
22.5000 -1.0164 -0.4241 3.4882
22.6000 -1.0224 -0.4263 3.4882
22.7000 -1.0285 -0.4285 3.4882
22.8000 -1.0346 -0.4307 3.4882
22.9000 -1.0406 -0.4329 3.4882
23.0000 -1.0467 -0.4351 3.4882
23.1000 -1.0527 -0.4373 3.4882
23.2000 -1.0588 -0.4395 3.4882
23.3000 -1.0648 -0.4416 3.4882
23.4000 -1.0709 -0.4438 3.4882
23.5000 -1.0770 -0.4460 3.4882
23.6000 -1.0830 -0.4482 3.4882
23.7000 -1.0891 -0.4504 3.4882
23.8000 -1.0951 -0.4526 3.4882
23.9000 -1.1012 -0.4548 3.4882
24.0000 -1.1072 -0.4570 3.4882
24.1000 -1.1081 -0.4576 3.7083
24.2000 -1.1095 -0.4590 3.9074
24.3000 -1.1111 -0.4610 4.0922
24.4000 -1.1124 -0.4636 4.2677
24.5000 -1.1136 -0.4669 4.4263
24.6000 -1.1145 -0.4708 4.5700
24.7000 -1.1148 -0.4753 4.6928
24.8000 -1.1146 -0.4799 4.8143
24.9000 -1.1139 -0.4843 4.9358
25.0000 -1.1126 -0.4885 5.0573
25.1000 -1.1104 -0.4945 5.0573
25.2000 -1.1083 -0.5006 5.0573
25.3000 -1.1061 -0.5067 5.0573
25.4000 -1.1039 -0.5127 5.0573
25.5000 -1.1017 -0.5188 5.0573
25.6000 -1.0996 -0.5249 5.0573
25.7000 -1.0974 -0.5309 5.0573
25.8000 -1.0952 -0.5370 5.0573
25.9000 -1.0930 -0.5430 5.0573
26.0000 -1.0908 -0.5491 5.0573
26.1000 -1.0887 -0.5552 5.0573
26.2000 -1.0865 -0.5612 5.0573
26.3000 -1.0843 -0.5673 5.0573
26.4000 -1.0821 -0.5733 5.0573
26.5000 -1.0800 -0.5794 5.0573
26.6000 -1.0778 -0.5855 5.0573
26.7000 -1.0756 -0.5915 5.0573
26.8000 -1.0734 -0.5976 5.0573
26.9000 -1.0712 -0.6036 5.0573
27.0000 -1.0691 -0.6097 5.0573
27.1000 -1.0669 -0.6158 5.0573
27.2000 -1.0647 -0.6218 5.0573
27.3000 -1.0625 -0.6279 5.0573
27.4000 -1.0604 -0.6339 5.0573
27.5000 -1.0582 -0.6400 5.0573
27.6000 -1.0560 -0.6461 5.0573
27.7000 -1.0538 -0.6521 5.0573
27.8000 -1.0516 -0.6582 5.0573
27.9000 -1.0495 -0.6643 5.0573
28.0000 -1.0473 -0.6703 5.0573
28.1000 -1.0451 -0.6764 5.0573
28.2000 -1.0429 -0.6824 5.0573
28.3000 -1.0408 -0.6885 5.0573
28.4000 -1.0386 -0.6946 5.0573
28.5000 -1.0364 -0.7006 5.0573
28.6000 -1.0342 -0.7067 5.0573
28.7000 -1.0320 -0.7127 5.0573
28.8000 -1.0299 -0.7188 5.0573
28.9000 -1.0277 -0.7249 5.0573
29.0000 -1.0255 -0.7309 5.0573
29.1000 -1.0233 -0.7370 5.0573
29.2000 -1.0212 -0.7430 5.0573
29.3000 -1.0190 -0.7491 5.0573
29.4000 -1.0168 -0.7552 5.0573
29.5000 -1.0163 -0.7567 5.0573
29.6000 -1.0157 -0.7582 5.0573
29.7000 -1.0152 -0.7597 5.0573
29.8000 -1.0146 -0.7612 5.0573
29.9000 -1.0141 -0.7627 5.0573
30.0000 -1.0135 -0.7643 5.0573
30.1000 -1.0130 -0.7658 5.0573
30.2000 -1.0125 -0.7673 5.0573
30.3000 -1.0119 -0.7688 5.0573
30.4000 -1.0114 -0.7703 5.0573
30.5000 -1.0108 -0.7718 5.0573
30.6000 -1.0103 -0.7734 5.0573
30.7000 -1.0097 -0.7749 5.0573
30.8000 -1.0092 -0.7764 5.0573
30.9000 -1.0086 -0.7779 5.0573
31.0000 -1.0081 -0.7794 5.0573
31.1000 -1.0076 -0.7809 5.0573
31.2000 -1.0070 -0.7824 5.0573
31.3000 -1.0065 -0.7840 5.0573
31.4000 -1.0059 -0.7855 5.0573
31.5000 -1.0054 -0.7870 5.0573
31.6000 -1.0048 -0.7885 5.0573
31.7000 -1.0043 -0.7900 5.0573
31.8000 -1.0037 -0.7915 5.0573
31.9000 -1.0032 -0.7931 5.0573
32.0000 -1.0027 -0.7946 5.0573
32.1000 -1.0021 -0.7961 5.0573
32.2000 -1.0016 -0.7976 5.0573
32.3000 -1.0010 -0.7991 5.0573
32.4000 -1.0005 -0.8006 5.0573
32.5000 -0.9999 -0.8021 5.0573
32.6000 -0.9994 -0.8037 5.0573
32.7000 -0.9988 -0.8052 5.0573
32.8000 -0.9983 -0.8067 5.0573
32.9000 -0.9978 -0.8082 5.0573
33.0000 -0.9972 -0.8097 5.0573
33.1000 -0.9967 -0.8112 5.0573
33.2000 -0.9961 -0.8127 5.0573
33.3000 -0.9956 -0.8143 5.0573
33.4000 -0.9950 -0.8158 5.0573
33.5000 -0.9945 -0.8173 5.0573
33.6000 -0.9939 -0.8188 5.0573
33.7000 -0.9934 -0.8203 5.0573
33.8000 -0.9929 -0.8218 5.0573
33.9000 -0.9923 -0.8234 5.0573
34.0000 -0.9918 -0.8249 5.0573
34.1000 -0.9912 -0.8264 5.0573
34.2000 -0.9907 -0.8279 5.0573
34.3000 -0.9901 -0.8294 5.0573
34.4000 -0.9896 -0.8309 5.0573
34.5000 -0.9890 -0.8324 5.0573
34.6000 -0.9885 -0.8340 5.0573
34.7000 -0.9880 -0.8355 5.0573
34.8000 -0.9874 -0.8370 5.0573
34.9000 -0.9869 -0.8385 5.0573
35.0000 -0.9863 -0.8400 5.0573
35.1000 -0.9858 -0.8415 5.0573
35.2000 -0.9852 -0.8431 5.0573
35.3000 -0.9847 -0.8446 5.0573
35.4000 -0.9841 -0.8461 5.0573
35.5000 -0.9836 -0.8476 5.0573
35.6000 -0.9814 -0.8537 5.0573
35.7000 -0.9792 -0.8597 5.0573
35.8000 -0.9771 -0.8658 5.0573
35.9000 -0.9749 -0.8718 5.0573
36.0000 -0.9727 -0.8779 5.0573
36.1000 -0.9705 -0.8840 5.0573
36.2000 -0.9684 -0.8900 5.0573
36.3000 -0.9662 -0.8961 5.0573
36.4000 -0.9640 -0.9021 5.0573
36.5000 -0.9618 -0.9082 5.0573
36.6000 -0.9596 -0.9143 5.0573
36.7000 -0.9575 -0.9203 5.0573
36.8000 -0.9553 -0.9264 5.0573
36.9000 -0.9531 -0.9325 5.0573
37.0000 -0.9509 -0.9385 5.0573
37.1000 -0.9488 -0.9446 5.0573
37.2000 -0.9466 -0.9506 5.0573
37.3000 -0.9444 -0.9567 5.0573
37.4000 -0.9422 -0.9628 5.0573
37.5000 -0.9400 -0.9688 5.0573
37.6000 -0.9379 -0.9749 5.0573
37.7000 -0.9357 -0.9809 5.0573
37.8000 -0.9335 -0.9870 5.0573
37.9000 -0.9313 -0.9931 5.0573
38.0000 -0.9292 -0.9991 5.0573
38.1000 -0.9270 -1.0052 5.0573
38.2000 -0.9248 -1.0112 5.0573
38.3000 -0.9226 -1.0173 5.0573
38.4000 -0.9204 -1.0234 5.0573
38.5000 -0.9183 -1.0294 5.0573
38.6000 -0.9161 -1.0355 5.0573
38.7000 -0.9139 -1.0416 5.0573
38.8000 -0.9117 -1.0476 5.0573
38.9000 -0.9096 -1.0537 5.0573
39.0000 -0.9074 -1.0597 5.0573
39.1000 -0.9052 -1.0658 5.0573
39.2000 -0.9030 -1.0719 5.0573
39.3000 -0.9008 -1.0779 5.0573
39.4000 -0.8987 -1.0840 5.0573
39.5000 -0.8965 -1.0900 5.0573
39.6000 -0.8943 -1.0961 5.0573
39.7000 -0.8921 -1.1022 5.0573
39.8000 -0.8917 -1.1029 5.2774
39.9000 -0.8883 -1.1084 5.2774
40.0000 -0.8872 -1.1096 5.4765
40.1000 -0.8854 -1.1108 5.6612
40.2000 -0.8830 -1.1118 5.8368
40.3000 -0.8800 -1.1124 5.9977
40.4000 -0.8762 -1.1127 6.1395
40.5000 -0.8716 -1.1126 6.2610
40.6000 -0.8671 -1.1118 0.0994
40.7000 -0.8626 -1.1106 0.2209
40.8000 -0.8582 -1.1088 0.3424
40.9000 -0.8522 -1.1066 0.3424
41.0000 -0.8461 -1.1044 0.3424
41.1000 -0.8400 -1.1023 0.3424
41.2000 -0.8340 -1.1001 0.3424
41.3000 -0.8279 -1.0980 0.3424
41.4000 -0.8218 -1.0958 0.3424
41.5000 -0.8158 -1.0936 0.3424
41.6000 -0.8097 -1.0915 0.3424
41.7000 -0.8036 -1.0893 0.3424
41.8000 -0.7976 -1.0871 0.3424
41.9000 -0.7915 -1.0850 0.3424
42.0000 -0.7854 -1.0828 0.3424
42.1000 -0.7794 -1.0807 0.3424
42.2000 -0.7733 -1.0785 0.3424
42.3000 -0.7672 -1.0763 0.3424
42.4000 -0.7612 -1.0742 0.3424
42.5000 -0.7551 -1.0720 0.3424
42.6000 -0.7490 -1.0698 0.3424
42.7000 -0.7430 -1.0677 0.3424
42.8000 -0.7369 -1.0655 0.3424
42.9000 -0.7308 -1.0634 0.3424
43.0000 -0.7248 -1.0612 0.3424
43.1000 -0.7187 -1.0590 0.3424
43.2000 -0.7126 -1.0569 0.3424
43.3000 -0.7066 -1.0547 0.3424
43.4000 -0.7005 -1.0525 0.3424
43.5000 -0.6944 -1.0504 0.3424
43.6000 -0.6884 -1.0482 0.3424
43.7000 -0.6823 -1.0461 0.3424
43.8000 -0.6762 -1.0439 0.3424
43.9000 -0.6702 -1.0417 0.3424
44.0000 -0.6641 -1.0396 0.3424
44.1000 -0.6580 -1.0374 0.3424
44.2000 -0.6520 -1.0352 0.3424
44.3000 -0.6459 -1.0331 0.3424
44.4000 -0.6398 -1.0309 0.3424
44.5000 -0.6338 -1.0288 0.3424
44.6000 -0.6277 -1.0266 0.3424
44.7000 -0.6216 -1.0244 0.3424
44.8000 -0.6156 -1.0223 0.3424
44.9000 -0.6095 -1.0201 0.3424
45.0000 -0.6034 -1.0179 0.3424
45.1000 -0.5974 -1.0158 0.3424
45.2000 -0.5913 -1.0136 0.3424
45.3000 -0.5852 -1.0115 0.3424
45.4000 -0.5792 -1.0093 0.3424
45.5000 -0.5731 -1.0071 0.3424
45.6000 -0.5670 -1.0050 0.3424
45.7000 -0.5610 -1.0028 0.3424
45.8000 -0.5549 -1.0006 0.3424
45.9000 -0.5488 -0.9985 0.3424
46.0000 -0.5428 -0.9963 0.3424
46.1000 -0.5367 -0.9942 0.3424
46.2000 -0.5306 -0.9920 0.3424
46.3000 -0.5246 -0.9898 0.3424
46.4000 -0.5185 -0.9877 0.3424
46.5000 -0.5124 -0.9855 0.3424
46.6000 -0.5064 -0.9833 0.3424
46.7000 -0.5003 -0.9812 0.3424
46.8000 -0.4942 -0.9790 0.3424
46.9000 -0.4882 -0.9769 0.3424
47.0000 -0.4821 -0.9747 0.3424
47.1000 -0.4760 -0.9725 0.3424
47.2000 -0.4700 -0.9704 0.3424
47.3000 -0.4639 -0.9682 0.3424
47.4000 -0.4578 -0.9660 0.3424
47.5000 -0.4518 -0.9639 0.3424
47.6000 -0.4457 -0.9617 0.3424
47.7000 -0.4396 -0.9596 0.3424
47.8000 -0.4336 -0.9574 0.3424
47.9000 -0.4275 -0.9552 0.3424
48.0000 -0.4214 -0.9531 0.3424
48.1000 -0.4154 -0.9509 0.3424
48.2000 -0.4093 -0.9488 0.3424
48.3000 -0.4032 -0.9466 0.3424
48.4000 -0.3972 -0.9444 0.3424
48.5000 -0.3911 -0.9423 0.3424
48.6000 -0.3850 -0.9401 0.3424
48.7000 -0.3790 -0.9379 0.3424
48.8000 -0.3729 -0.9358 0.3424
48.9000 -0.3668 -0.9336 0.3424
49.0000 -0.3608 -0.9315 0.3424
49.1000 -0.3547 -0.9293 0.3424
49.2000 -0.3486 -0.9271 0.3424
49.3000 -0.3426 -0.9250 0.3424
49.4000 -0.3365 -0.9228 0.3424
49.5000 -0.3304 -0.9206 0.3424
49.6000 -0.3244 -0.9185 0.3424
49.7000 -0.3183 -0.9163 0.3424
49.8000 -0.3122 -0.9142 0.3424
49.9000 -0.3062 -0.9120 0.3424
50.0000 -0.3001 -0.9098 0.3424
50.1000 -0.2940 -0.9077 0.3424
50.2000 -0.2880 -0.9055 0.3424
50.3000 -0.2819 -0.9033 0.3424
50.4000 -0.2758 -0.9012 0.3424
50.5000 -0.2698 -0.8990 0.3424
50.6000 -0.2637 -0.8969 0.3424
50.7000 -0.2576 -0.8947 0.3424
50.8000 -0.2516 -0.8925 0.3424
50.9000 -0.2455 -0.8904 0.3424
51.0000 -0.2447 -0.8898 0.5625
51.1000 -0.2392 -0.8863 0.5625
51.2000 -0.2385 -0.8856 0.7826
51.3000 -0.2339 -0.8810 0.7826
51.4000 -0.2293 -0.8765 0.7826
51.5000 -0.2279 -0.8745 0.9703
51.6000 -0.2266 -0.8719 1.1458
51.7000 -0.2257 -0.8692 1.3213
51.8000 -0.2252 -0.8664 1.4969
51.9000 -0.2252 -0.8619 1.6184
52.0000 -0.2257 -0.8574 1.7413
52.1000 -0.2267 -0.8531 1.8628
52.2000 -0.2283 -0.8491 1.9843
52.3000 -0.2309 -0.8432 1.9843
52.4000 -0.2334 -0.8373 1.9843
52.5000 -0.2360 -0.8314 1.9843
52.6000 -0.2386 -0.8255 1.9843
52.7000 -0.2412 -0.8196 1.9843
52.8000 -0.2438 -0.8137 1.9843
52.9000 -0.2464 -0.8078 1.9843
53.0000 -0.2490 -0.8019 1.9843
53.1000 -0.2516 -0.7960 1.9843
53.2000 -0.2542 -0.7901 1.9843
53.3000 -0.2544 -0.7891 1.7643
53.4000 -0.2545 -0.7881 1.5442
53.5000 -0.2545 -0.7881 1.7862
53.6000 -0.2546 -0.7871 1.5661
53.7000 -0.2546 -0.7871 1.8082
53.8000 -0.2547 -0.7861 1.5881
53.9000 -0.2547 -0.7861 1.8301
54.0000 -0.2549 -0.7851 1.6100
54.1000 -0.2549 -0.7850 1.3689
54.2000 -0.2544 -0.7837 1.1620
54.3000 -0.2532 -0.7816 0.9858
54.4000 -0.2520 -0.7804 0.7882
54.5000 -0.2474 -0.7758 0.7882
54.6000 -0.2469 -0.7755 0.5614
54.7000 -0.2434 -0.7741 0.4231
54.8000 -0.2392 -0.7730 0.2974
54.9000 -0.2362 -0.7729 0.1310
55.0000 -0.2353 -0.7725 0.3511
55.1000 -0.2321 -0.7721 0.1922
55.2000 -0.2312 -0.7716 0.4123
55.3000 -0.2273 -0.7707 0.2785
55.4000 -0.2271 -0.7706 0.5181
55.5000 -0.2240 -0.7696 0.3643
55.6000 -0.2226 -0.7695 0.1550
55.7000 -0.2217 -0.7691 0.3751
55.8000 -0.2205 -0.7690 0.1627
55.9000 -0.2196 -0.7685 0.3828
56.0000 -0.2163 -0.7680 0.2257
56.1000 -0.2154 -0.7675 0.4458
56.2000 -0.2124 -0.7668 0.2846
56.3000 -0.2115 -0.7663 0.5047
56.4000 -0.2088 -0.7655 0.3362
56.5000 -0.2074 -0.7646 0.5417
56.6000 -0.2051 -0.7639 0.3627
56.7000 -0.2039 -0.7630 0.5728
56.8000 -0.2019 -0.7623 0.3853
56.9000 -0.2002 -0.7611 0.5820
57.0000 -0.1985 -0.7606 0.3860
57.1000 -0.1964 -0.7591 0.5720
57.2000 -0.1947 -0.7586 0.3754
57.3000 -0.1923 -0.7569 0.5509
57.4000 -0.1914 -0.7567 0.3306
57.5000 -0.1899 -0.7557 0.5337
57.6000 -0.1898 -0.7557 0.2950
57.7000 -0.1883 -0.7548 0.4987
57.8000 -0.1876 -0.7542 0.7228
57.9000 -0.1874 -0.7541 0.4874
58.0000 -0.1863 -0.7531 0.6987
58.1000 -0.1858 -0.7529 0.4713
58.2000 -0.1843 -0.7516 0.6715
58.3000 -0.1836 -0.7513 0.4482
58.4000 -0.1815 -0.7497 0.6310
58.5000 -0.1811 -0.7496 0.4001
58.6000 -0.1786 -0.7479 0.5757
58.7000 -0.1780 -0.7472 0.7996
58.8000 -0.1777 -0.7468 1.0312
58.9000 -0.1757 -0.7425 1.1527
59.0000 -0.1741 -0.7380 1.2742
59.1000 -0.1733 -0.7346 1.4303
59.2000 -0.1732 -0.7328 1.6298
59.3000 -0.1732 -0.7301 1.4543
59.4000 -0.1731 -0.7286 1.6607
59.5000 -0.1732 -0.7258 1.4852
59.6000 -0.1727 -0.7232 1.3097
59.7000 -0.1721 -0.7202 1.4769
59.8000 -0.1717 -0.7176 1.3014
59.9000 -0.1710 -0.7143 1.4621
60.0000 -0.1705 -0.7117 1.2866
60.1000 -0.1698 -0.7082 1.4412
60.2000 -0.1692 -0.7056 1.2657
60.3000 -0.1683 -0.7018 1.4095
60.4000 -0.1677 -0.6992 1.2339
60.5000 -0.1665 -0.6950 1.3664
60.6000 -0.1658 -0.6928 1.1850
60.7000 -0.1643 -0.6883 1.3065
60.8000 -0.1641 -0.6868 1.5149
60.9000 -0.1637 -0.6842 1.3394
61.0000 -0.1629 -0.6818 1.1639
61.1000 -0.1613 -0.6773 1.2854
61.2000 -0.1609 -0.6764 1.0690
61.3000 -0.1585 -0.6728 0.9474
61.4000 -0.1556 -0.6697 0.8259
61.5000 -0.1523 -0.6669 0.7044
61.6000 -0.1487 -0.6646 0.5829
61.7000 -0.1433 -0.6611 0.5829
61.8000 -0.1379 -0.6575 0.5829
61.9000 -0.1326 -0.6540 0.5829
62.0000 -0.1297 -0.6513 0.7321
62.1000 -0.1273 -0.6485 0.8905
62.2000 -0.1247 -0.6445 1.0121
62.3000 -0.1225 -0.6402 1.1336
62.4000 -0.1207 -0.6373 0.9845
62.5000 -0.1185 -0.6331 1.1060
62.6000 -0.1167 -0.6304 0.9498
62.7000 -0.1143 -0.6263 1.0713
62.8000 -0.1125 -0.6239 0.9087
62.9000 -0.1099 -0.6198 1.0303
63.0000 -0.1084 -0.6180 0.8508
63.1000 -0.1060 -0.6144 0.9880
63.2000 -0.1052 -0.6137 0.7749
63.3000 -0.1033 -0.6112 0.9477
63.4000 -0.1025 -0.6097 1.1520
63.5000 -0.1016 -0.6083 0.9533
63.6000 -0.1012 -0.6073 1.1734
63.7000 -0.1003 -0.6060 0.9728
63.8000 -0.0998 -0.6055 0.7491
63.9000 -0.0984 -0.6036 0.9409
64.0000 -0.0978 -0.6023 1.1513
64.1000 -0.0970 -0.6012 0.9437
64.2000 -0.0967 -0.6006 1.1719
64.3000 -0.0961 -0.5996 0.9605
64.4000 -0.0959 -0.5994 0.7266
64.5000 -0.0948 -0.5980 0.9313
64.6000 -0.0909 -0.5928 0.9313
64.7000 -0.0901 -0.5912 1.1332
64.8000 -0.0897 -0.5907 0.9085
64.9000 -0.0891 -0.5896 1.1255
65.0000 -0.0887 -0.5891 0.9007
65.1000 -0.0882 -0.5882 1.1218
65.2000 -0.0879 -0.5878 0.8931
65.3000 -0.0875 -0.5871 1.1192
65.4000 -0.0872 -0.5866 0.8906
65.5000 -0.0869 -0.5860 1.1182
65.6000 -0.0866 -0.5856 0.8884
65.7000 -0.0863 -0.5851 1.1173
65.8000 -0.0860 -0.5848 0.8850
65.9000 -0.0857 -0.5842 1.1149
66.0000 -0.0855 -0.5839 0.8826
66.1000 -0.0853 -0.5835 1.1162
66.2000 -0.0851 -0.5832 0.8828
66.3000 -0.0849 -0.5829 1.1165
66.4000 -0.0846 -0.5826 0.8831
66.5000 -0.0844 -0.5822 1.1163
66.6000 -0.0842 -0.5819 0.8829
66.7000 -0.0841 -0.5816 1.1196
66.8000 -0.0839 -0.5814 0.8852
66.9000 -0.0837 -0.5811 1.1214
67.0000 -0.0836 -0.5809 0.8846
67.1000 -0.0834 -0.5806 1.1207
67.2000 -0.0833 -0.5805 0.8840
67.3000 -0.0832 -0.5803 1.1233
67.4000 -0.0831 -0.5801 0.8866
67.5000 -0.0829 -0.5799 1.1246
67.6000 -0.0828 -0.5798 0.8869
67.7000 -0.0827 -0.5796 1.1249
67.8000 -0.0826 -0.5794 0.8873
67.9000 -0.0825 -0.5793 1.1283
68.0000 -0.0824 -0.5792 0.8907
68.1000 -0.0824 -0.5790 1.1304
68.2000 -0.0822 -0.5789 0.8928
68.3000 -0.0822 -0.5787 1.1325
68.4000 -0.0821 -0.5786 0.8941
68.5000 -0.0820 -0.5785 1.1361
68.6000 -0.0819 -0.5784 0.8976
68.7000 -0.0819 -0.5783 1.1383
68.8000 -0.0818 -0.5782 0.8999
68.9000 -0.0818 -0.5782 1.1428
69.0000 -0.0816 -0.5780 0.9066
69.1000 -0.0816 -0.5779 1.1490
69.2000 -0.0815 -0.5777 0.9120
69.3000 -0.0814 -0.5777 1.1530
69.4000 -0.0813 -0.5775 0.9160
69.5000 -0.0813 -0.5774 1.1563
69.6000 -0.0811 -0.5772 0.9193
69.7000 -0.0811 -0.5770 1.1590
69.8000 -0.0810 -0.5769 0.9212
69.9000 -0.0809 -0.5767 1.1602
70.0000 -0.0808 -0.5766 0.9224
70.1000 -0.0807 -0.5764 1.1613
70.2000 -0.0806 -0.5762 0.9235
70.3000 -0.0805 -0.5760 1.1619
70.4000 -0.0804 -0.5759 0.9241
70.5000 -0.0803 -0.5757 1.1625
70.6000 -0.0802 -0.5755 0.9247
70.7000 -0.0801 -0.5753 1.1631
70.8000 -0.0800 -0.5752 0.9246
70.9000 -0.0799 -0.5750 1.1637
71.0000 -0.0798 -0.5749 0.9252
71.1000 -0.0797 -0.5747 1.1638
71.2000 -0.0796 -0.5746 0.9253
71.3000 -0.0795 -0.5744 1.1639
71.4000 -0.0795 -0.5743 0.9233
71.5000 -0.0794 -0.5742 1.1619
71.6000 -0.0793 -0.5741 0.9213
71.7000 -0.0792 -0.5739 1.1606
71.8000 -0.0792 -0.5739 0.9200
71.9000 -0.0791 -0.5737 1.1593
72.0000 -0.0791 -0.5736 0.9187
72.1000 -0.0790 -0.5735 1.1587
72.2000 -0.0790 -0.5734 0.9181
72.3000 -0.0789 -0.5733 1.1581
72.4000 -0.0788 -0.5732 0.9175
72.5000 -0.0788 -0.5731 1.1575
72.6000 -0.0787 -0.5731 0.9169
72.7000 -0.0787 -0.5729 1.1569
72.8000 -0.0786 -0.5729 0.9163
72.9000 -0.0786 -0.5728 1.1570
73.0000 -0.0785 -0.5727 0.9157
73.1000 -0.0785 -0.5726 1.1564
73.2000 -0.0784 -0.5726 0.9150
73.3000 -0.0784 -0.5725 1.1557
73.4000 -0.0784 -0.5724 0.9144
73.5000 -0.0783 -0.5723 1.1551
73.6000 -0.0783 -0.5723 0.9138
73.7000 -0.0782 -0.5722 1.1545
73.8000 -0.0782 -0.5721 0.9132
73.9000 -0.0782 -0.5721 1.1545
74.0000 -0.0781 -0.5720 0.9132
74.1000 -0.0781 -0.5719 1.1546
74.2000 -0.0780 -0.5719 0.9132
74.3000 -0.0780 -0.5718 1.1546
74.4000 -0.0780 -0.5718 0.9133
74.5000 -0.0779 -0.5717 1.1546
74.6000 -0.0779 -0.5716 0.9133
74.7000 -0.0779 -0.5716 1.1546
74.8000 -0.0778 -0.5715 0.9133
74.9000 -0.0778 -0.5714 1.1546
75.0000 -0.0778 -0.5714 0.9133
75.1000 -0.0777 -0.5713 1.1541
75.2000 -0.0777 -0.5713 1.3968
75.3000 -0.0776 -0.5700 1.6093
75.4000 -0.0781 -0.5658 1.7396
75.5000 -0.0789 -0.5624 1.8906
75.6000 -0.0796 -0.5610 2.0906
75.7000 -0.0808 -0.5595 2.2837
75.8000 -0.0832 -0.5576 2.4442
75.9000 -0.0855 -0.5563 2.6145
76.0000 -0.0894 -0.5549 2.7453
76.1000 -0.0902 -0.5549 2.9678
76.2000 -0.0911 -0.5544 2.7478
76.3000 -0.0914 -0.5544 2.9830
76.4000 -0.0916 -0.5543 2.7444
76.5000 -0.0920 -0.5543 2.9761
76.6000 -0.0929 -0.5538 2.7560
76.7000 -0.0933 -0.5535 2.5225
76.8000 -0.0969 -0.5518 2.6553
76.9000 -0.0989 -0.5514 2.8446
77.0000 -0.1000 -0.5507 2.6301
77.1000 -0.1022 -0.5501 2.8141
77.2000 -0.1034 -0.5493 2.6040
77.3000 -0.1056 -0.5486 2.7875
77.4000 -0.1069 -0.5477 2.5796
77.5000 -0.1090 -0.5470 2.7639
77.6000 -0.1103 -0.5460 2.5580
77.7000 -0.1122 -0.5454 2.7504
77.8000 -0.1135 -0.5444 2.5440
77.9000 -0.1139 -0.5440 2.3145
78.0000 -0.1157 -0.5427 2.4997
78.1000 -0.1158 -0.5426 2.2603
78.2000 -0.1174 -0.5412 2.4462
78.3000 -0.1174 -0.5412 2.2038
78.4000 -0.1188 -0.5399 2.3948
78.5000 -0.1190 -0.5398 2.6341
78.6000 -0.1194 -0.5394 2.4044
78.7000 -0.1195 -0.5394 2.6459
78.8000 -0.1201 -0.5388 2.4209
78.9000 -0.1201 -0.5388 2.1786
79.0000 -0.1215 -0.5374 2.3696
79.1000 -0.1225 -0.5369 2.5825
79.2000 -0.1234 -0.5359 2.3701
79.3000 -0.1243 -0.5354 2.5861
79.4000 -0.1254 -0.5343 2.3770
79.5000 -0.1261 -0.5339 2.5994
79.6000 -0.1274 -0.5327 2.3952
79.7000 -0.1278 -0.5325 2.6272
79.8000 -0.1293 -0.5311 2.4313
79.9000 -0.1297 -0.5306 2.2024
80.0000 -0.1307 -0.5297 2.4101
80.1000 -0.1311 -0.5292 2.1807
80.2000 -0.1320 -0.5283 2.3884
80.3000 -0.1321 -0.5283 2.6298
80.4000 -0.1337 -0.5268 2.4349
80.5000 -0.1342 -0.5262 2.2100
80.6000 -0.1350 -0.5255 2.4260
80.7000 -0.1355 -0.5248 2.2019
80.8000 -0.1362 -0.5242 2.4208
80.9000 -0.1367 -0.5235 2.1967
81.0000 -0.1373 -0.5230 2.4184
81.1000 -0.1378 -0.5223 2.1940
81.2000 -0.1384 -0.5218 2.4157
81.3000 -0.1389 -0.5211 2.1912
81.4000 -0.1395 -0.5206 2.4157
81.5000 -0.1401 -0.5199 2.1941
81.6000 -0.1405 -0.5195 2.4215
81.7000 -0.1412 -0.5185 2.2044
81.8000 -0.1416 -0.5182 2.4346
81.9000 -0.1424 -0.5172 2.2202
82.0000 -0.1426 -0.5170 2.4560
82.1000 -0.1434 -0.5160 2.2418
82.2000 -0.1435 -0.5160 2.4835
82.3000 -0.1444 -0.5149 2.2724
82.4000 -0.1446 -0.5146 2.0361
82.5000 -0.1455 -0.5121 1.8551
82.6000 -0.1464 -0.5080 1.7172
82.7000 -0.1466 -0.5045 1.5618
82.8000 -0.1463 -0.5021 1.3796
82.9000 -0.1459 -0.5008 1.1717
83.0000 -0.1453 -0.4987 1.3617
83.1000 -0.1449 -0.4975 1.1511
83.2000 -0.1442 -0.4953 1.3422
83.3000 -0.1438 -0.4944 1.1261
83.4000 -0.1431 -0.4923 1.3191
83.5000 -0.1428 -0.4915 1.0983
83.6000 -0.1419 -0.4892 1.2834
83.7000 -0.1414 -0.4867 1.4654
83.8000 -0.1411 -0.4853 1.2578
83.9000 -0.1406 -0.4829 1.4418
84.0000 -0.1403 -0.4816 1.2313
84.1000 -0.1397 -0.4793 1.4176
84.2000 -0.1395 -0.4783 1.2016
84.3000 -0.1388 -0.4760 1.3896
84.4000 -0.1386 -0.4732 1.5652
84.5000 -0.1384 -0.4714 1.3694
84.6000 -0.1381 -0.4686 1.5449
84.7000 -0.1379 -0.4670 1.3432
